0.00000000e+00,3.40720000e+02
1.46349156e-15,3.19640000e+02
2.85572795e-15,3.02280000e+02
3.76736038e-15,2.92440000e+02
5.30501288e-15,2.75940000e+02
5.93390055e-15,2.71120000e+02
7.61608975e-15,2.53580000e+02
8.85206650e-15,2.44500000e+02
1.01247446e-14,2.34120000e+02
1.08934423e-14,2.28580000e+02
1.17170252e-14,2.23780000e+02
1.29995295e-14,2.13760000e+02
1.40200306e-14,2.06680000e+02
1.51243940e-14,1.99800000e+02
1.61634639e-14,1.94200000e+02
1.70230789e-14,1.88720000e+02
1.85356674e-14,1.79200000e+02
1.91832086e-14,1.76240000e+02
1.95674875e-14,1.75380000e+02
2.08281390e-14,1.68520000e+02
2.17455228e-14,1.64500000e+02
2.31401996e-14,1.58860000e+02
2.49616575e-14,1.49960000e+02
2.61952776e-14,1.43760000e+02
2.68987720e-14,1.41240000e+02
2.86212766e-14,1.33220000e+02
3.11010974e-14,1.20940000e+02
3.25735465e-14,1.15440000e+02
3.38417908e-14,1.10580000e+02
3.47568163e-14,1.07700000e+02
3.54816255e-14,1.04960000e+02
3.65928824e-14,1.01200000e+02
3.76091200e-14,9.79400000e+01
3.84354351e-14,9.58200000e+01
4.03944180e-14,8.88400000e+01
4.22301283e-14,8.31600000e+01
4.32253691e-14,8.03400000e+01
4.49247080e-14,7.60600000e+01
4.66436359e-14,7.14000000e+01
4.87192329e-14,6.65400000e+01
4.90710309e-14,6.58200000e+01
5.06841872e-14,6.24000000e+01
5.24434560e-14,5.86000000e+01
5.36245803e-14,5.60800000e+01
5.51169009e-14,5.34600000e+01
5.66059319e-14,5.07600000e+01
5.72496917e-14,4.98400000e+01
5.83146355e-14,4.83000000e+01
5.92332081e-14,4.70400000e+01
6.10177622e-14,4.51000000e+01
6.28014691e-14,4.30400000e+01
6.32746719e-14,4.25600000e+01
6.43491539e-14,4.16600000e+01
6.56222481e-14,4.05400000e+01
6.71844163e-14,3.87600000e+01
6.87867325e-14,3.74400000e+01
6.93184254e-14,3.72600000e+01
7.19983941e-14,3.42800000e+01
7.40868236e-14,3.22400000e+01
7.50796149e-14,3.11800000e+01
7.72081791e-14,2.91200000e+01
7.83742296e-14,2.82400000e+01
7.98203961e-14,2.69600000e+01
8.15245397e-14,2.55200000e+01
8.41503824e-14,2.34400000e+01
8.57784980e-14,2.24000000e+01
8.78542303e-14,2.09600000e+01
8.98013678e-14,1.95400000e+01
9.15844330e-14,1.83200000e+01
9.38379346e-14,1.70800000e+01
9.57043577e-14,1.61800000e+01
9.85826501e-14,1.45200000e+01
1.00312661e-13,1.35000000e+01
1.02416446e-13,1.24200000e+01
1.04885206e-13,1.14200000e+01
1.06354388e-13,1.09400000e+01
1.07627007e-13,1.07200000e+01
1.10631206e-13,9.62000000e+00
1.13037638e-13,8.74000000e+00
1.15342922e-13,8.06000000e+00
1.16755338e-13,7.72000000e+00
1.18948907e-13,7.24000000e+00
1.20177624e-13,7.10000000e+00
1.22475666e-13,6.60000000e+00
1.24117209e-13,6.42000000e+00
1.25837402e-13,6.04000000e+00
1.27031693e-13,5.88000000e+00
1.29587160e-13,5.50000000e+00
1.31458960e-13,5.06000000e+00
1.33597669e-13,4.72000000e+00
1.35268690e-13,4.48000000e+00
1.36440506e-13,4.24000000e+00
1.38300511e-13,4.06000000e+00
1.39474225e-13,3.96000000e+00
1.41946403e-13,3.58000000e+00
1.43701756e-13,3.38000000e+00
1.47744466e-13,3.14000000e+00
1.50156638e-13,2.92000000e+00
1.51622647e-13,2.88000000e+00
1.54249957e-13,2.56000000e+00
1.57149934e-13,2.32000000e+00
1.59473857e-13,2.26000000e+00
1.61688451e-13,2.08000000e+00
1.64699655e-13,1.78000000e+00
1.67456774e-13,1.68000000e+00
1.69013286e-13,1.60000000e+00
1.72616580e-13,1.40000000e+00
1.73508324e-13,1.40000000e+00
1.75835589e-13,1.32000000e+00
1.78352152e-13,1.32000000e+00
1.82766192e-13,1.10000000e+00
1.85343145e-13,1.02000000e+00
1.88660023e-13,9.60000000e-01
1.91024503e-13,8.60000000e-01
1.93212465e-13,7.80000000e-01
1.95941668e-13,7.60000000e-01
1.96016462e-13,7.60000000e-01
1.99947793e-13,6.60000000e-01
2.04638265e-13,5.80000000e-01
2.08051717e-13,5.00000000e-01
2.10157124e-13,4.40000000e-01
2.12896156e-13,3.60000000e-01
2.16545527e-13,3.00000000e-01
2.19784783e-13,3.00000000e-01
2.22371564e-13,2.60000000e-01
2.24776869e-13,2.40000000e-01
2.28689163e-13,2.00000000e-01
2.32086643e-13,1.80000000e-01
2.35334864e-13,1.60000000e-01
2.38795718e-13,1.60000000e-01
2.43143023e-13,1.60000000e-01
2.45697734e-13,1.40000000e-01
2.49216329e-13,1.40000000e-01
2.53359548e-13,1.20000000e-01
2.57943884e-13,8.00000000e-02
2.61544499e-13,8.00000000e-02
2.65595398e-13,6.00000000e-02
2.71404805e-13,4.00000000e-02
2.75985659e-13,4.00000000e-02
2.79886965e-13,4.00000000e-02
2.80758915e-13,4.00000000e-02
2.81576538e-13,4.00000000e-02
2.85913664e-13,4.00000000e-02
2.92957446e-13,2.00000000e-02
2.97072966e-13,2.00000000e-02
2.99642129e-13,2.00000000e-02
3.00950413e-13,2.00000000e-02
3.05383446e-13,2.00000000e-02
3.09887141e-13,2.00000000e-02
3.14208190e-13,2.00000000e-02
3.20686825e-13,2.00000000e-02
3.22606052e-13,2.00000000e-02
3.28818115e-13,2.00000000e-02
3.29460835e-13,2.00000000e-02
3.33196027e-13,2.00000000e-02
3.38069895e-13,2.00000000e-02
3.41201054e-13,2.00000000e-02
3.47212083e-13,2.00000000e-02
3.50223701e-13,2.00000000e-02
3.52179580e-13,2.00000000e-02
3.55637646e-13,2.00000000e-02
3.60035390e-13,2.00000000e-02
3.67755977e-13,2.00000000e-02
3.72038428e-13,2.00000000e-02
3.76851219e-13,2.00000000e-02
3.86274705e-13,2.00000000e-02
3.92857168e-13,2.00000000e-02
4.01170413e-13,2.00000000e-02
4.05481222e-13,2.00000000e-02
4.08670655e-13,2.00000000e-02
4.12442732e-13,2.00000000e-02
4.19070466e-13,2.00000000e-02
4.22537531e-13,2.00000000e-02
4.29360071e-13,2.00000000e-02
4.37189686e-13,2.00000000e-02
4.41999145e-13,2.00000000e-02
4.46678657e-13,2.00000000e-02
4.53960720e-13,2.00000000e-02
