0.00000000e+00,3.84220000e+02
1.85849305e-15,3.63020000e+02
2.44518208e-15,3.62640000e+02
2.57315045e-15,3.67560000e+02
3.90107550e-15,3.56700000e+02
5.31935596e-15,3.45500000e+02
6.55200978e-15,3.37300000e+02
7.44215559e-15,3.32780000e+02
8.13206239e-15,3.30920000e+02
9.03400683e-15,3.27900000e+02
1.04691539e-14,3.20320000e+02
1.24577556e-14,3.07920000e+02
1.42155477e-14,2.97240000e+02
1.57531091e-14,2.86560000e+02
1.62677773e-14,2.89080000e+02
1.82531197e-14,2.77560000e+02
1.92962653e-14,2.75520000e+02
2.01309425e-14,2.72020000e+02
2.12887447e-14,2.67840000e+02
2.27432569e-14,2.62300000e+02
2.41743317e-14,2.57320000e+02
2.48331274e-14,2.59680000e+02
2.60426466e-14,2.57900000e+02
2.70030041e-14,2.57560000e+02
2.79872466e-14,2.56360000e+02
2.85515010e-14,2.56500000e+02
2.94947576e-14,2.57900000e+02
3.02112735e-14,2.58920000e+02
3.16044922e-14,2.56760000e+02
3.17147698e-14,2.60980000e+02
3.31797308e-14,2.59540000e+02
3.46333040e-14,2.56640000e+02
3.56937264e-14,2.57860000e+02
3.69098136e-14,2.59060000e+02
3.83639875e-14,2.55840000e+02
3.94444554e-14,2.56420000e+02
4.05285054e-14,2.56080000e+02
4.14926151e-14,2.54780000e+02
4.29228687e-14,2.51580000e+02
4.36696592e-14,2.51140000e+02
4.51624320e-14,2.46880000e+02
4.69752415e-14,2.44260000e+02
4.81880303e-14,2.41320000e+02
4.95480016e-14,2.37540000e+02
5.08967578e-14,2.34200000e+02
5.13598515e-14,2.36800000e+02
5.28997634e-14,2.33200000e+02
5.51233663e-14,2.30260000e+02
5.69494081e-14,2.26740000e+02
5.77331023e-14,2.26540000e+02
5.95267683e-14,2.21640000e+02
6.08344089e-14,2.21980000e+02
6.29483503e-14,2.15960000e+02
6.45562502e-14,2.11600000e+02
6.56131511e-14,2.10600000e+02
6.71062173e-14,2.07600000e+02
6.88140035e-14,2.05240000e+02
7.00830167e-14,2.03940000e+02
7.16389484e-14,2.00380000e+02
7.35121527e-14,1.95720000e+02
7.48989172e-14,1.91900000e+02
7.65575125e-14,1.88120000e+02
7.81673995e-14,1.83740000e+02
7.91127299e-14,1.82180000e+02
8.14767526e-14,1.78720000e+02
8.30317544e-14,1.75800000e+02
8.52452518e-14,1.71900000e+02
8.61237649e-14,1.71680000e+02
8.73547083e-14,1.72340000e+02
8.89221506e-14,1.69500000e+02
9.08134925e-14,1.66880000e+02
9.30224308e-14,1.62420000e+02
9.50448079e-14,1.60680000e+02
9.69653969e-14,1.58480000e+02
9.83781818e-14,1.55360000e+02
9.94758262e-14,1.53680000e+02
1.02079071e-13,1.49480000e+02
1.03872972e-13,1.48160000e+02
1.05687015e-13,1.45840000e+02
1.07790673e-13,1.42540000e+02
1.09984483e-13,1.38660000e+02
1.11455011e-13,1.37100000e+02
1.13922921e-13,1.34160000e+02
1.16638369e-13,1.29040000e+02
1.17846173e-13,1.26880000e+02
1.20019906e-13,1.23400000e+02
1.22123144e-13,1.20220000e+02
1.23484210e-13,1.18500000e+02
1.24676431e-13,1.18040000e+02
1.26239179e-13,1.16840000e+02
1.27642545e-13,1.16200000e+02
1.29907354e-13,1.13800000e+02
1.31255612e-13,1.13800000e+02
1.32249938e-13,1.14120000e+02
1.33835561e-13,1.12900000e+02
1.36501728e-13,1.09660000e+02
1.38049895e-13,1.08260000e+02
1.41399482e-13,1.03960000e+02
1.43578285e-13,1.01540000e+02
1.44966169e-13,1.00220000e+02
1.45877670e-13,9.95000000e+01
1.48611064e-13,9.60600000e+01
1.49453352e-13,9.54200000e+01
1.50810706e-13,9.50600000e+01
1.52576684e-13,9.35600000e+01
1.53746893e-13,9.29800000e+01
1.56105438e-13,9.00200000e+01
1.58426699e-13,8.79600000e+01
1.60190886e-13,8.66600000e+01
1.61156332e-13,8.63600000e+01
1.62251296e-13,8.65600000e+01
1.63950917e-13,8.58400000e+01
1.64842124e-13,8.54000000e+01
1.66331694e-13,8.40600000e+01
1.69024900e-13,8.21600000e+01
1.70270804e-13,8.13000000e+01
1.72860988e-13,7.93600000e+01
1.75485732e-13,7.72200000e+01
1.79042144e-13,7.34400000e+01
1.80567932e-13,7.22400000e+01
1.82549358e-13,7.10400000e+01
1.84857711e-13,6.92600000e+01
1.88652716e-13,6.60200000e+01
1.91278957e-13,6.36600000e+01
1.92568553e-13,6.30400000e+01
1.94312008e-13,6.19600000e+01
1.97351541e-13,5.99600000e+01
2.00592673e-13,5.78800000e+01
2.03112684e-13,5.61000000e+01
2.04973594e-13,5.49000000e+01
2.06553278e-13,5.42800000e+01
2.09310551e-13,5.27000000e+01
2.13338657e-13,4.99400000e+01
2.15656187e-13,4.86400000e+01
2.16607379e-13,4.85400000e+01
2.18805049e-13,4.74000000e+01
2.22028888e-13,4.57400000e+01
2.23917661e-13,4.48800000e+01
2.27497654e-13,4.29600000e+01
2.30226185e-13,4.14200000e+01
2.32744672e-13,4.02800000e+01
2.36545302e-13,3.82600000e+01
2.40110730e-13,3.63000000e+01
2.42879407e-13,3.46600000e+01
2.45529991e-13,3.32800000e+01
2.47733844e-13,3.25000000e+01
2.49998952e-13,3.17800000e+01
2.51705045e-13,3.09200000e+01
2.55495562e-13,2.94400000e+01
2.58145431e-13,2.83800000e+01
2.59739874e-13,2.77000000e+01
2.63000974e-13,2.64000000e+01
2.64404080e-13,2.60400000e+01
2.68157613e-13,2.46200000e+01
2.71295637e-13,2.36200000e+01
2.73787789e-13,2.27400000e+01
2.75572373e-13,2.22400000e+01
2.79111298e-13,2.11600000e+01
2.81130679e-13,2.04800000e+01
2.84702391e-13,1.96000000e+01
2.88043851e-13,1.84400000e+01
2.91246742e-13,1.75600000e+01
2.93772190e-13,1.72200000e+01
2.94236245e-13,1.72000000e+01
2.98582890e-13,1.60000000e+01
3.00567348e-13,1.56200000e+01
3.02022801e-13,1.53000000e+01
3.04087408e-13,1.50600000e+01
3.06190863e-13,1.44800000e+01
3.09109388e-13,1.39600000e+01
3.12847257e-13,1.32800000e+01
3.15099619e-13,1.29800000e+01
3.18400313e-13,1.22000000e+01
3.19968315e-13,1.18400000e+01
3.23609286e-13,1.13200000e+01
3.27004741e-13,1.09000000e+01
3.29882037e-13,1.04600000e+01
3.34925631e-13,9.68000000e+00
3.37357891e-13,9.42000000e+00
3.38906500e-13,9.18000000e+00
3.43649064e-13,8.46000000e+00
3.47151512e-13,7.96000000e+00
3.51347846e-13,7.36000000e+00
3.55745701e-13,6.98000000e+00
3.58766017e-13,6.44000000e+00
3.62558790e-13,6.08000000e+00
3.66373150e-13,5.74000000e+00
3.69592051e-13,5.50000000e+00
3.72399980e-13,5.20000000e+00
3.75569889e-13,5.06000000e+00
3.79506092e-13,4.76000000e+00
3.83442255e-13,4.40000000e+00
3.88382003e-13,3.96000000e+00
3.90034589e-13,3.78000000e+00
3.92034759e-13,3.66000000e+00
3.96926899e-13,3.34000000e+00
3.99337278e-13,3.10000000e+00
4.01364861e-13,3.00000000e+00
4.04686410e-13,2.86000000e+00
4.07276985e-13,2.74000000e+00
4.09120603e-13,2.72000000e+00
4.13752366e-13,2.50000000e+00
4.16590175e-13,2.36000000e+00
4.20866352e-13,2.18000000e+00
4.25183149e-13,2.02000000e+00
4.27692959e-13,1.90000000e+00
4.31579144e-13,1.80000000e+00
4.34999175e-13,1.76000000e+00
4.39591344e-13,1.70000000e+00
4.42048977e-13,1.58000000e+00
4.43832386e-13,1.56000000e+00
4.47914277e-13,1.42000000e+00
4.51954233e-13,1.24000000e+00
4.56442621e-13,1.14000000e+00
4.60476208e-13,1.06000000e+00
4.64259117e-13,9.40000000e-01
4.69173898e-13,8.40000000e-01
4.72884237e-13,7.80000000e-01
4.73363275e-13,7.80000000e-01
4.76443277e-13,7.40000000e-01
4.78899214e-13,7.00000000e-01
4.80399734e-13,7.00000000e-01
4.85379622e-13,6.00000000e-01
4.87524863e-13,5.80000000e-01
4.91433114e-13,5.20000000e-01
4.95115051e-13,4.40000000e-01
5.00034921e-13,4.20000000e-01
5.01696449e-13,4.20000000e-01
5.06141695e-13,3.40000000e-01
5.11713791e-13,3.00000000e-01
5.15688787e-13,2.60000000e-01
5.17276199e-13,2.20000000e-01
5.20434282e-13,2.20000000e-01
5.22282541e-13,2.20000000e-01
5.28035711e-13,2.00000000e-01
5.33155574e-13,2.00000000e-01
5.37768960e-13,1.60000000e-01
5.42967267e-13,1.60000000e-01
5.46412951e-13,1.40000000e-01
5.50714359e-13,1.20000000e-01
5.53481574e-13,1.20000000e-01
5.56875099e-13,1.20000000e-01
5.60184519e-13,1.20000000e-01
5.63146600e-13,1.20000000e-01
5.66679305e-13,1.20000000e-01
5.72013928e-13,1.00000000e-01
5.75462765e-13,1.00000000e-01
5.80175690e-13,1.00000000e-01
5.83547054e-13,1.00000000e-01
5.90952563e-13,1.00000000e-01
5.95577652e-13,8.00000000e-02
5.96973624e-13,8.00000000e-02
6.02437482e-13,6.00000000e-02
6.05023368e-13,4.00000000e-02
6.10135101e-13,4.00000000e-02
6.13843531e-13,4.00000000e-02
6.17665579e-13,2.00000000e-02
6.21559300e-13,2.00000000e-02
6.25517260e-13,2.00000000e-02
6.31449010e-13,2.00000000e-02
6.35010836e-13,2.00000000e-02
6.37949126e-13,2.00000000e-02
6.41071291e-13,2.00000000e-02
6.44236234e-13,2.00000000e-02
6.46964931e-13,2.00000000e-02
6.50218116e-13,2.00000000e-02
6.55843842e-13,2.00000000e-02
6.58540718e-13,2.00000000e-02
6.62087158e-13,2.00000000e-02
6.65890051e-13,2.00000000e-02
6.72610558e-13,2.00000000e-02
6.79217693e-13,2.00000000e-02
6.83723984e-13,2.00000000e-02
6.88859846e-13,2.00000000e-02
6.92007833e-13,2.00000000e-02
6.96842635e-13,2.00000000e-02
7.01861174e-13,2.00000000e-02
7.06077491e-13,2.00000000e-02
7.11432614e-13,2.00000000e-02
7.15189899e-13,2.00000000e-02
7.17394807e-13,2.00000000e-02
7.22478294e-13,2.00000000e-02
7.27755640e-13,2.00000000e-02
7.32877062e-13,2.00000000e-02
7.40264673e-13,2.00000000e-02
7.43689434e-13,2.00000000e-02
7.48096680e-13,2.00000000e-02
7.50034119e-13,2.00000000e-02
7.53455195e-13,2.00000000e-02
7.62015437e-13,0.00000000e+00
7.65895444e-13,0.00000000e+00
7.68052697e-13,0.00000000e+00
7.72575079e-13,0.00000000e+00
7.75548265e-13,0.00000000e+00
7.79869645e-13,0.00000000e+00
7.84241462e-13,0.00000000e+00
7.89137133e-13,0.00000000e+00
7.91715287e-13,0.00000000e+00
7.99159536e-13,0.00000000e+00
8.03059948e-13,0.00000000e+00
8.05763038e-13,0.00000000e+00
8.09001886e-13,0.00000000e+00
8.14728916e-13,0.00000000e+00
8.17948443e-13,0.00000000e+00
8.24130521e-13,0.00000000e+00
8.28232119e-13,0.00000000e+00
8.32981924e-13,0.00000000e+00
8.35891947e-13,0.00000000e+00
8.40688859e-13,0.00000000e+00
8.47667157e-13,0.00000000e+00
8.51579255e-13,0.00000000e+00
8.60347123e-13,0.00000000e+00
8.66792262e-13,0.00000000e+00
8.67462933e-13,0.00000000e+00
8.71757370e-13,0.00000000e+00
8.77539607e-13,0.00000000e+00
8.81232994e-13,0.00000000e+00
8.88791046e-13,0.00000000e+00
8.92064469e-13,0.00000000e+00
8.98640532e-13,0.00000000e+00
8.99600232e-13,0.00000000e+00
9.06398197e-13,0.00000000e+00
9.10319174e-13,0.00000000e+00
9.16274027e-13,0.00000000e+00
9.20839603e-13,0.00000000e+00
9.24688402e-13,0.00000000e+00
9.30669494e-13,0.00000000e+00
9.36269125e-13,0.00000000e+00
9.39670935e-13,0.00000000e+00
9.43597972e-13,0.00000000e+00
9.48866360e-13,0.00000000e+00
9.54750815e-13,0.00000000e+00
9.57457428e-13,0.00000000e+00
9.61384608e-13,0.00000000e+00
9.67162886e-13,0.00000000e+00
9.73579247e-13,0.00000000e+00
9.80980533e-13,0.00000000e+00
9.87103114e-13,0.00000000e+00
9.94322572e-13,0.00000000e+00
1.00092723e-12,0.00000000e+00
1.00702250e-12,0.00000000e+00
1.01377623e-12,0.00000000e+00
1.02105709e-12,0.00000000e+00
1.02758984e-12,0.00000000e+00
1.03457808e-12,0.00000000e+00
1.03873516e-12,0.00000000e+00
1.04611572e-12,0.00000000e+00
1.05163882e-12,0.00000000e+00
1.06079265e-12,0.00000000e+00
1.06795937e-12,0.00000000e+00
1.07250386e-12,0.00000000e+00
1.07588346e-12,0.00000000e+00
1.08048775e-12,0.00000000e+00
1.08478337e-12,0.00000000e+00
1.08926914e-12,0.00000000e+00
1.09597040e-12,0.00000000e+00
1.10070464e-12,0.00000000e+00
1.10528677e-12,0.00000000e+00
1.10884487e-12,0.00000000e+00
1.10995496e-12,0.00000000e+00
1.11396732e-12,2.00000000e-02
1.11913854e-12,2.00000000e-02
1.12290912e-12,2.00000000e-02
1.12720959e-12,2.00000000e-02
1.13410667e-12,2.00000000e-02
1.14202207e-12,2.00000000e-02
1.14875974e-12,2.00000000e-02
1.15431393e-12,2.00000000e-02
1.16003719e-12,2.00000000e-02
1.16503408e-12,4.00000000e-02
1.17014949e-12,4.00000000e-02
1.17336433e-12,4.00000000e-02
1.17921000e-12,4.00000000e-02
1.18521071e-12,4.00000000e-02
1.19169847e-12,4.00000000e-02
1.19988570e-12,4.00000000e-02
1.20022857e-12,4.00000000e-02
1.20377580e-12,4.00000000e-02
1.21078091e-12,4.00000000e-02
1.21649100e-12,4.00000000e-02
1.22182448e-12,4.00000000e-02
1.22520784e-12,4.00000000e-02
1.22667068e-12,4.00000000e-02
1.23008784e-12,4.00000000e-02
1.23318394e-12,4.00000000e-02
1.24114472e-12,4.00000000e-02
1.24646699e-12,4.00000000e-02
1.25453150e-12,4.00000000e-02
1.26122904e-12,4.00000000e-02
1.27019153e-12,4.00000000e-02
1.27209852e-12,4.00000000e-02
1.27574738e-12,4.00000000e-02
1.28154134e-12,4.00000000e-02
1.28782845e-12,4.00000000e-02
1.29159738e-12,4.00000000e-02
1.29719251e-12,4.00000000e-02
1.30305908e-12,4.00000000e-02
1.31019508e-12,4.00000000e-02
1.31354145e-12,4.00000000e-02
1.32005556e-12,4.00000000e-02
1.32277665e-12,4.00000000e-02
1.32650552e-12,4.00000000e-02
1.33480078e-12,4.00000000e-02
1.33829861e-12,4.00000000e-02
1.34462893e-12,4.00000000e-02
1.35204295e-12,4.00000000e-02
1.35851927e-12,4.00000000e-02
1.36411170e-12,4.00000000e-02
1.36940416e-12,4.00000000e-02
1.37569457e-12,4.00000000e-02
1.38282649e-12,2.00000000e-02
1.38810079e-12,2.00000000e-02
1.39310801e-12,2.00000000e-02
1.40002314e-12,2.00000000e-02
1.40090711e-12,2.00000000e-02
1.40846803e-12,2.00000000e-02
1.41812201e-12,2.00000000e-02
1.42336557e-12,2.00000000e-02
1.42802805e-12,2.00000000e-02
1.43213352e-12,0.00000000e+00
1.43965218e-12,0.00000000e+00
1.44803277e-12,0.00000000e+00
1.44973346e-12,0.00000000e+00
1.45678464e-12,0.00000000e+00
1.46096369e-12,0.00000000e+00
1.46736773e-12,0.00000000e+00
1.47197758e-12,0.00000000e+00
1.47932999e-12,0.00000000e+00
1.48720648e-12,0.00000000e+00
1.49477382e-12,0.00000000e+00
1.49919972e-12,0.00000000e+00
1.50328273e-12,0.00000000e+00
1.50959861e-12,0.00000000e+00
1.51575788e-12,0.00000000e+00
1.51889105e-12,0.00000000e+00
1.52647621e-12,0.00000000e+00
1.53552163e-12,0.00000000e+00
1.54135548e-12,0.00000000e+00
1.54577955e-12,0.00000000e+00
1.55139784e-12,0.00000000e+00
1.55683455e-12,0.00000000e+00
1.56625008e-12,0.00000000e+00
1.56684021e-12,0.00000000e+00
1.57300198e-12,0.00000000e+00
1.57898535e-12,0.00000000e+00
1.58602004e-12,0.00000000e+00
1.59038651e-12,0.00000000e+00
1.59687573e-12,0.00000000e+00
1.60335351e-12,0.00000000e+00
1.61480147e-12,0.00000000e+00
1.61889721e-12,0.00000000e+00
1.62500699e-12,0.00000000e+00
1.63187504e-12,0.00000000e+00
1.63976952e-12,0.00000000e+00
1.64503112e-12,0.00000000e+00
1.64990574e-12,0.00000000e+00
1.65574455e-12,0.00000000e+00
1.66268469e-12,0.00000000e+00
1.66835378e-12,0.00000000e+00
1.67427146e-12,0.00000000e+00
1.68102905e-12,0.00000000e+00
1.68632777e-12,0.00000000e+00
1.69072773e-12,0.00000000e+00
1.69682299e-12,0.00000000e+00
1.70483086e-12,0.00000000e+00
1.71258956e-12,0.00000000e+00
1.71815374e-12,0.00000000e+00
1.72209198e-12,0.00000000e+00
1.72821103e-12,0.00000000e+00
1.73175919e-12,0.00000000e+00
1.73649835e-12,0.00000000e+00
1.74301025e-12,0.00000000e+00
1.75087723e-12,0.00000000e+00
1.75870782e-12,0.00000000e+00
1.76509206e-12,0.00000000e+00
1.77365428e-12,0.00000000e+00
1.77552336e-12,0.00000000e+00
1.78088596e-12,0.00000000e+00
1.78523450e-12,0.00000000e+00
1.78655482e-12,0.00000000e+00
1.79439324e-12,0.00000000e+00
1.79792340e-12,0.00000000e+00
1.80471360e-12,0.00000000e+00
1.80933560e-12,0.00000000e+00
1.81609336e-12,0.00000000e+00
1.82340074e-12,0.00000000e+00
1.82818953e-12,0.00000000e+00
1.83171825e-12,0.00000000e+00
1.83416987e-12,0.00000000e+00
1.84386292e-12,0.00000000e+00
1.84863882e-12,0.00000000e+00
1.85293731e-12,0.00000000e+00
1.85791857e-12,0.00000000e+00
1.86307865e-12,0.00000000e+00
1.87018986e-12,0.00000000e+00
1.87441617e-12,0.00000000e+00
1.88115826e-12,0.00000000e+00
1.89045018e-12,0.00000000e+00
1.89816372e-12,0.00000000e+00
1.90737825e-12,0.00000000e+00
1.91650246e-12,0.00000000e+00
1.92126396e-12,0.00000000e+00
1.92696784e-12,0.00000000e+00
1.93578329e-12,0.00000000e+00
1.94152914e-12,0.00000000e+00
1.94747295e-12,0.00000000e+00
1.95398153e-12,0.00000000e+00
1.96070799e-12,0.00000000e+00
1.96668771e-12,0.00000000e+00
1.97301867e-12,0.00000000e+00
1.98084302e-12,0.00000000e+00
1.98519718e-12,0.00000000e+00
1.99082810e-12,0.00000000e+00
1.99577853e-12,0.00000000e+00
1.99967110e-12,0.00000000e+00
2.00384524e-12,0.00000000e+00
2.00736405e-12,0.00000000e+00
2.01310612e-12,0.00000000e+00
2.02062953e-12,0.00000000e+00
2.02839404e-12,0.00000000e+00
2.03634472e-12,0.00000000e+00
2.04308911e-12,0.00000000e+00
2.05186510e-12,0.00000000e+00
2.05809975e-12,0.00000000e+00
2.06304925e-12,0.00000000e+00
2.06755973e-12,0.00000000e+00
2.07199343e-12,0.00000000e+00
2.07889449e-12,0.00000000e+00
2.08442419e-12,0.00000000e+00
2.09108049e-12,0.00000000e+00
2.09320473e-12,0.00000000e+00
2.09824034e-12,0.00000000e+00
2.10828507e-12,0.00000000e+00
2.11813272e-12,0.00000000e+00
2.12658065e-12,0.00000000e+00
2.13417563e-12,0.00000000e+00
2.14138441e-12,0.00000000e+00
2.14616565e-12,0.00000000e+00
2.15566612e-12,0.00000000e+00
2.15888751e-12,0.00000000e+00
2.16126012e-12,0.00000000e+00
2.16919057e-12,0.00000000e+00
2.17173395e-12,0.00000000e+00
2.18023392e-12,0.00000000e+00
2.18619199e-12,0.00000000e+00
2.19009178e-12,0.00000000e+00
2.19719396e-12,0.00000000e+00
2.20136632e-12,0.00000000e+00
2.20607981e-12,0.00000000e+00
2.20702751e-12,0.00000000e+00
2.21435255e-12,0.00000000e+00
2.21988944e-12,0.00000000e+00
2.22646521e-12,0.00000000e+00
2.23313137e-12,0.00000000e+00
2.23795844e-12,0.00000000e+00
2.24387130e-12,0.00000000e+00
2.25201799e-12,0.00000000e+00
2.25724166e-12,0.00000000e+00
2.26505425e-12,0.00000000e+00
2.27075945e-12,0.00000000e+00
2.27986938e-12,0.00000000e+00
2.28256190e-12,0.00000000e+00
2.29037668e-12,0.00000000e+00
2.29633720e-12,0.00000000e+00
2.30381879e-12,0.00000000e+00
2.30950863e-12,0.00000000e+00
2.31716765e-12,0.00000000e+00
2.32163589e-12,0.00000000e+00
2.32790460e-12,0.00000000e+00
2.33659045e-12,0.00000000e+00
2.34370737e-12,0.00000000e+00
2.35161285e-12,0.00000000e+00
2.35463304e-12,0.00000000e+00
2.35881093e-12,0.00000000e+00
2.36262014e-12,0.00000000e+00
2.36826698e-12,0.00000000e+00
2.37423971e-12,0.00000000e+00
2.38306481e-12,0.00000000e+00
2.39178857e-12,0.00000000e+00
2.40121249e-12,0.00000000e+00
2.40902187e-12,0.00000000e+00
2.41567957e-12,0.00000000e+00
2.42042170e-12,0.00000000e+00
2.42532084e-12,0.00000000e+00
2.42966103e-12,0.00000000e+00
2.43255313e-12,0.00000000e+00
2.43713696e-12,0.00000000e+00
2.44576936e-12,0.00000000e+00
2.45448251e-12,0.00000000e+00
2.45886578e-12,0.00000000e+00
2.46589553e-12,0.00000000e+00
2.47431924e-12,0.00000000e+00
2.47952198e-12,0.00000000e+00
2.48533812e-12,0.00000000e+00
2.49270638e-12,0.00000000e+00
2.49642244e-12,0.00000000e+00
2.50469121e-12,0.00000000e+00
2.50977693e-12,0.00000000e+00
2.51530333e-12,0.00000000e+00
2.52173300e-12,0.00000000e+00
2.52257375e-12,0.00000000e+00
2.52492129e-12,0.00000000e+00
2.53167953e-12,0.00000000e+00
2.53953884e-12,0.00000000e+00
2.54590004e-12,0.00000000e+00
2.55314197e-12,0.00000000e+00
2.55869240e-12,0.00000000e+00
2.56411596e-12,0.00000000e+00
2.56930603e-12,0.00000000e+00
2.57353893e-12,0.00000000e+00
2.57431992e-12,0.00000000e+00
2.58062182e-12,0.00000000e+00
2.58571839e-12,0.00000000e+00
2.59165590e-12,0.00000000e+00
2.59747593e-12,0.00000000e+00
2.60515301e-12,0.00000000e+00
2.60947257e-12,0.00000000e+00
2.61720920e-12,0.00000000e+00
2.62640825e-12,0.00000000e+00
2.63804960e-12,0.00000000e+00
2.64403831e-12,0.00000000e+00
2.65166303e-12,0.00000000e+00
2.65486631e-12,0.00000000e+00
2.66415511e-12,0.00000000e+00
2.66912665e-12,0.00000000e+00
2.67195897e-12,0.00000000e+00
2.67904528e-12,0.00000000e+00
2.68742533e-12,0.00000000e+00
2.69262215e-12,0.00000000e+00
2.69921753e-12,0.00000000e+00
2.70631958e-12,0.00000000e+00
2.71454317e-12,0.00000000e+00
2.72499229e-12,0.00000000e+00
2.72963706e-12,0.00000000e+00
2.73714880e-12,0.00000000e+00
2.74139186e-12,0.00000000e+00
2.74915638e-12,0.00000000e+00
2.75328589e-12,0.00000000e+00
2.76240639e-12,0.00000000e+00
2.76790098e-12,0.00000000e+00
2.77109660e-12,0.00000000e+00
2.77550982e-12,0.00000000e+00
2.78005297e-12,0.00000000e+00
2.78395357e-12,0.00000000e+00
2.79424413e-12,0.00000000e+00
2.80080482e-12,0.00000000e+00
2.80749717e-12,0.00000000e+00
2.81076541e-12,0.00000000e+00
2.81546239e-12,0.00000000e+00
2.82186958e-12,0.00000000e+00
2.82833468e-12,0.00000000e+00
2.83419632e-12,0.00000000e+00
2.84175085e-12,0.00000000e+00
2.84618805e-12,0.00000000e+00
2.84934783e-12,0.00000000e+00
2.85406827e-12,0.00000000e+00
2.85776282e-12,0.00000000e+00
2.86318627e-12,0.00000000e+00
2.86964925e-12,0.00000000e+00
2.87462746e-12,0.00000000e+00
2.87923190e-12,0.00000000e+00
2.88182190e-12,0.00000000e+00
2.88624609e-12,0.00000000e+00
2.89109456e-12,0.00000000e+00
2.89901694e-12,0.00000000e+00
2.90162827e-12,0.00000000e+00
2.90387760e-12,0.00000000e+00
2.90837545e-12,0.00000000e+00
2.91404690e-12,0.00000000e+00
2.91915997e-12,0.00000000e+00
2.92493699e-12,0.00000000e+00
2.93096022e-12,0.00000000e+00
2.93836105e-12,0.00000000e+00
2.94150342e-12,0.00000000e+00
2.94596112e-12,0.00000000e+00
2.95005613e-12,0.00000000e+00
2.95422938e-12,0.00000000e+00
2.95806902e-12,0.00000000e+00
2.96046929e-12,0.00000000e+00
2.96465945e-12,0.00000000e+00
2.97138733e-12,0.00000000e+00
2.97637353e-12,0.00000000e+00
2.97913158e-12,0.00000000e+00
2.98894940e-12,0.00000000e+00
2.99567004e-12,0.00000000e+00
3.00529873e-12,0.00000000e+00
3.01359098e-12,0.00000000e+00
3.01861547e-12,0.00000000e+00
3.02602544e-12,0.00000000e+00
3.03231906e-12,0.00000000e+00
3.04126445e-12,0.00000000e+00
3.04907219e-12,0.00000000e+00
3.05411256e-12,0.00000000e+00
3.05746525e-12,0.00000000e+00
3.06424504e-12,0.00000000e+00
3.07077424e-12,0.00000000e+00
3.07418258e-12,0.00000000e+00
3.08141994e-12,0.00000000e+00
3.08382260e-12,0.00000000e+00
3.08948037e-12,0.00000000e+00
3.09593202e-12,0.00000000e+00
3.10034662e-12,0.00000000e+00
3.10736900e-12,0.00000000e+00
3.11699554e-12,0.00000000e+00
3.12247484e-12,0.00000000e+00
3.12602450e-12,0.00000000e+00
3.12957354e-12,0.00000000e+00
3.13445231e-12,0.00000000e+00
3.14152709e-12,0.00000000e+00
3.14392087e-12,0.00000000e+00
3.14805876e-12,0.00000000e+00
3.15496892e-12,0.00000000e+00
3.16251492e-12,0.00000000e+00
3.16882699e-12,0.00000000e+00
3.17255999e-12,0.00000000e+00
3.18028570e-12,0.00000000e+00
3.18217505e-12,0.00000000e+00
3.18832186e-12,0.00000000e+00
3.19403703e-12,0.00000000e+00
3.20056565e-12,0.00000000e+00
3.20380838e-12,0.00000000e+00
3.20942019e-12,0.00000000e+00
3.21453287e-12,0.00000000e+00
3.22438597e-12,0.00000000e+00
3.23092893e-12,0.00000000e+00
3.23992451e-12,0.00000000e+00
3.24749509e-12,0.00000000e+00
3.25354102e-12,0.00000000e+00
3.26121296e-12,0.00000000e+00
3.26629472e-12,0.00000000e+00
3.27476017e-12,0.00000000e+00
3.28338947e-12,0.00000000e+00
3.28909155e-12,0.00000000e+00
3.29358368e-12,0.00000000e+00
3.29907830e-12,0.00000000e+00
3.30686005e-12,0.00000000e+00
3.31516660e-12,0.00000000e+00
3.32172085e-12,0.00000000e+00
3.32628772e-12,0.00000000e+00
3.33534177e-12,0.00000000e+00
3.34134437e-12,0.00000000e+00
3.34733828e-12,0.00000000e+00
3.35333916e-12,0.00000000e+00
3.35909030e-12,0.00000000e+00
3.36198442e-12,0.00000000e+00
3.36782192e-12,0.00000000e+00
3.37413883e-12,0.00000000e+00
3.37796499e-12,0.00000000e+00
3.38388825e-12,0.00000000e+00
3.38918354e-12,0.00000000e+00
3.39784983e-12,0.00000000e+00
3.40188427e-12,0.00000000e+00
3.40625630e-12,0.00000000e+00
3.41375139e-12,0.00000000e+00
3.41919384e-12,0.00000000e+00
3.42842037e-12,0.00000000e+00
3.43142742e-12,0.00000000e+00
3.43515429e-12,0.00000000e+00
3.44235522e-12,0.00000000e+00
3.44727736e-12,0.00000000e+00
3.45043467e-12,0.00000000e+00
3.45626721e-12,0.00000000e+00
3.46450395e-12,0.00000000e+00
3.47234509e-12,0.00000000e+00
3.48243789e-12,0.00000000e+00
3.49022142e-12,0.00000000e+00
3.49157463e-12,0.00000000e+00
3.49558485e-12,0.00000000e+00
3.50000367e-12,0.00000000e+00
3.50967013e-12,0.00000000e+00
3.51482233e-12,0.00000000e+00
3.51624481e-12,0.00000000e+00
3.51998537e-12,0.00000000e+00
3.52982811e-12,0.00000000e+00
3.53690200e-12,0.00000000e+00
3.54426051e-12,0.00000000e+00
3.55030314e-12,0.00000000e+00
3.55784206e-12,0.00000000e+00
3.56027458e-12,0.00000000e+00
3.56621279e-12,0.00000000e+00
3.57031062e-12,0.00000000e+00
3.57613276e-12,0.00000000e+00
3.58594742e-12,0.00000000e+00
3.59412312e-12,0.00000000e+00
3.60206829e-12,0.00000000e+00
3.60636090e-12,0.00000000e+00
3.61285637e-12,0.00000000e+00
3.61639052e-12,0.00000000e+00
3.62509607e-12,0.00000000e+00
3.63520509e-12,0.00000000e+00
3.63940346e-12,0.00000000e+00
3.64534645e-12,0.00000000e+00
3.64720969e-12,0.00000000e+00
3.65321523e-12,0.00000000e+00
3.65963608e-12,0.00000000e+00
3.67040232e-12,0.00000000e+00
3.67659203e-12,0.00000000e+00
3.67813476e-12,0.00000000e+00
3.68399143e-12,0.00000000e+00
3.68781687e-12,0.00000000e+00
3.69039009e-12,0.00000000e+00
3.69555344e-12,0.00000000e+00
3.70114366e-12,0.00000000e+00
3.70670785e-12,0.00000000e+00
3.71609961e-12,0.00000000e+00
3.72219669e-12,0.00000000e+00
3.72771757e-12,0.00000000e+00
3.73388254e-12,0.00000000e+00
3.74166351e-12,0.00000000e+00
3.74610955e-12,0.00000000e+00
3.75296053e-12,0.00000000e+00
3.75911559e-12,0.00000000e+00
3.76621381e-12,0.00000000e+00
3.77080407e-12,0.00000000e+00
3.77588896e-12,0.00000000e+00
3.78643635e-12,0.00000000e+00
3.79548734e-12,0.00000000e+00
3.80510808e-12,0.00000000e+00
3.81165945e-12,0.00000000e+00
3.81953863e-12,0.00000000e+00
3.82508814e-12,0.00000000e+00
3.83301104e-12,0.00000000e+00
3.83673524e-12,0.00000000e+00
3.84241282e-12,0.00000000e+00
3.84933972e-12,0.00000000e+00
3.86016131e-12,0.00000000e+00
3.86655682e-12,0.00000000e+00
3.87398711e-12,0.00000000e+00
3.87905047e-12,0.00000000e+00
3.88617144e-12,0.00000000e+00
3.89414346e-12,0.00000000e+00
3.89888265e-12,0.00000000e+00
3.90711368e-12,0.00000000e+00
3.91588613e-12,0.00000000e+00
3.91902009e-12,0.00000000e+00
3.92368386e-12,0.00000000e+00
3.93028765e-12,0.00000000e+00
3.93575997e-12,0.00000000e+00
3.94358562e-12,0.00000000e+00
3.94923136e-12,0.00000000e+00
3.95686060e-12,0.00000000e+00
3.96361964e-12,0.00000000e+00
3.97095983e-12,0.00000000e+00
3.97878781e-12,0.00000000e+00
3.98533570e-12,0.00000000e+00
3.99090090e-12,0.00000000e+00
3.99685542e-12,0.00000000e+00
3.99809809e-12,0.00000000e+00
4.00008229e-12,0.00000000e+00
4.00812382e-12,0.00000000e+00
4.01261583e-12,0.00000000e+00
4.02020537e-12,0.00000000e+00
4.02603969e-12,0.00000000e+00
4.02869879e-12,0.00000000e+00
4.02997314e-12,0.00000000e+00
4.03485025e-12,0.00000000e+00
4.04158508e-12,0.00000000e+00
4.04749453e-12,0.00000000e+00
4.05460517e-12,0.00000000e+00
4.05775682e-12,0.00000000e+00
4.06313643e-12,0.00000000e+00
4.06608244e-12,0.00000000e+00
4.07071644e-12,0.00000000e+00
4.07448094e-12,0.00000000e+00
4.07993201e-12,0.00000000e+00
4.08696271e-12,0.00000000e+00
4.09251627e-12,0.00000000e+00
4.09716681e-12,0.00000000e+00
4.10173086e-12,0.00000000e+00
4.10816799e-12,0.00000000e+00
4.11734904e-12,0.00000000e+00
4.12348012e-12,0.00000000e+00
4.12620107e-12,0.00000000e+00
4.13191103e-12,0.00000000e+00
4.13888299e-12,0.00000000e+00
4.14914282e-12,0.00000000e+00
4.15407481e-12,0.00000000e+00
4.16185039e-12,0.00000000e+00
4.16756145e-12,0.00000000e+00
4.17065455e-12,0.00000000e+00
4.17952303e-12,0.00000000e+00
4.18531456e-12,0.00000000e+00
4.19089540e-12,0.00000000e+00
4.19580332e-12,0.00000000e+00
4.20378130e-12,0.00000000e+00
4.21099224e-12,0.00000000e+00
4.21793354e-12,0.00000000e+00
4.22540811e-12,0.00000000e+00
4.23517932e-12,0.00000000e+00
4.23850971e-12,0.00000000e+00
4.24290168e-12,0.00000000e+00
4.24869205e-12,0.00000000e+00
4.25467076e-12,0.00000000e+00
4.25982103e-12,0.00000000e+00
4.26651869e-12,0.00000000e+00
4.27394126e-12,0.00000000e+00
4.27738551e-12,0.00000000e+00
4.28296937e-12,0.00000000e+00
4.29182756e-12,0.00000000e+00
4.30005139e-12,0.00000000e+00
4.30460547e-12,0.00000000e+00
4.30889775e-12,0.00000000e+00
4.31457907e-12,0.00000000e+00
4.32125111e-12,0.00000000e+00
4.32815390e-12,0.00000000e+00
4.33705335e-12,0.00000000e+00
4.34124604e-12,0.00000000e+00
4.34654212e-12,0.00000000e+00
4.34910505e-12,0.00000000e+00
4.35407547e-12,0.00000000e+00
4.35945281e-12,0.00000000e+00
4.36560939e-12,0.00000000e+00
4.37125007e-12,0.00000000e+00
4.37778684e-12,0.00000000e+00
4.38588890e-12,0.00000000e+00
4.39109305e-12,0.00000000e+00
4.39159300e-12,0.00000000e+00
4.39702266e-12,0.00000000e+00
4.40306706e-12,0.00000000e+00
4.40859502e-12,0.00000000e+00
4.41161725e-12,0.00000000e+00
4.41860341e-12,0.00000000e+00
4.42320835e-12,0.00000000e+00
4.42799931e-12,0.00000000e+00
4.43548805e-12,0.00000000e+00
4.44008585e-12,0.00000000e+00
4.44489422e-12,0.00000000e+00
4.45238624e-12,0.00000000e+00
4.45880604e-12,0.00000000e+00
4.46373007e-12,0.00000000e+00
4.47179892e-12,0.00000000e+00
4.47819804e-12,0.00000000e+00
4.48118563e-12,0.00000000e+00
4.48253186e-12,0.00000000e+00
4.49001287e-12,0.00000000e+00
4.49670245e-12,0.00000000e+00
4.50127810e-12,0.00000000e+00
4.51036897e-12,0.00000000e+00
4.51833657e-12,0.00000000e+00
4.52232999e-12,0.00000000e+00
4.52878113e-12,0.00000000e+00
4.53237092e-12,0.00000000e+00
4.53873768e-12,0.00000000e+00
4.54347824e-12,0.00000000e+00
4.54862844e-12,0.00000000e+00
4.55429787e-12,0.00000000e+00
4.56318120e-12,0.00000000e+00
4.57399421e-12,0.00000000e+00
4.58210294e-12,0.00000000e+00
4.58823805e-12,0.00000000e+00
4.59186867e-12,0.00000000e+00
4.59626620e-12,0.00000000e+00
4.59866835e-12,0.00000000e+00
4.60207794e-12,0.00000000e+00
4.61067472e-12,0.00000000e+00
4.61698531e-12,0.00000000e+00
4.62543667e-12,0.00000000e+00
4.63077226e-12,0.00000000e+00
4.63601636e-12,0.00000000e+00
4.64025666e-12,0.00000000e+00
4.64713872e-12,0.00000000e+00
4.65448580e-12,0.00000000e+00
4.65969533e-12,0.00000000e+00
4.65982388e-12,0.00000000e+00
4.67065751e-12,0.00000000e+00
4.67194732e-12,0.00000000e+00
4.67859296e-12,0.00000000e+00
4.68216368e-12,0.00000000e+00
4.68473666e-12,0.00000000e+00
4.69269361e-12,0.00000000e+00
4.69526673e-12,0.00000000e+00
4.70170828e-12,0.00000000e+00
4.70514256e-12,0.00000000e+00
4.70961583e-12,0.00000000e+00
4.71081124e-12,0.00000000e+00
4.71354931e-12,0.00000000e+00
4.72337012e-12,0.00000000e+00
4.72893146e-12,0.00000000e+00
4.73260857e-12,0.00000000e+00
4.73941536e-12,0.00000000e+00
4.74638520e-12,0.00000000e+00
4.74983287e-12,0.00000000e+00
4.75569211e-12,0.00000000e+00
4.75944388e-12,0.00000000e+00
4.76553588e-12,0.00000000e+00
4.77344209e-12,0.00000000e+00
4.77780958e-12,0.00000000e+00
4.78657526e-12,0.00000000e+00
4.79241661e-12,0.00000000e+00
4.79697120e-12,0.00000000e+00
4.80399409e-12,0.00000000e+00
4.81111834e-12,0.00000000e+00
4.81584147e-12,0.00000000e+00
4.82097707e-12,0.00000000e+00
4.82772983e-12,0.00000000e+00
4.83260051e-12,0.00000000e+00
4.83537431e-12,0.00000000e+00
4.84007372e-12,0.00000000e+00
4.85171403e-12,0.00000000e+00
4.85645320e-12,0.00000000e+00
4.86477754e-12,0.00000000e+00
4.87059921e-12,0.00000000e+00
4.87803534e-12,0.00000000e+00
4.88442986e-12,0.00000000e+00
4.88842925e-12,0.00000000e+00
4.89345888e-12,0.00000000e+00
4.89935026e-12,0.00000000e+00
4.90233958e-12,0.00000000e+00
4.91040412e-12,0.00000000e+00
4.92082169e-12,0.00000000e+00
4.92769263e-12,0.00000000e+00
4.93379132e-12,0.00000000e+00
4.94196885e-12,0.00000000e+00
4.94957790e-12,0.00000000e+00
4.95425301e-12,0.00000000e+00
4.95917854e-12,0.00000000e+00
4.96586607e-12,0.00000000e+00
4.96936585e-12,0.00000000e+00
4.97319979e-12,0.00000000e+00
4.98105944e-12,0.00000000e+00
4.99150774e-12,0.00000000e+00
5.00026710e-12,0.00000000e+00
5.00737203e-12,0.00000000e+00
5.01243488e-12,0.00000000e+00
5.01885205e-12,0.00000000e+00
5.02522667e-12,0.00000000e+00
5.03127307e-12,0.00000000e+00
5.03758243e-12,0.00000000e+00
5.04487089e-12,0.00000000e+00
5.04865155e-12,0.00000000e+00
5.05377819e-12,0.00000000e+00
5.06202702e-12,0.00000000e+00
5.06905090e-12,0.00000000e+00
5.07303436e-12,0.00000000e+00
5.08092024e-12,0.00000000e+00
5.08861343e-12,0.00000000e+00
5.09597207e-12,0.00000000e+00
5.09903799e-12,0.00000000e+00
5.10864439e-12,0.00000000e+00
5.11641923e-12,0.00000000e+00
5.12244818e-12,0.00000000e+00
5.12610984e-12,0.00000000e+00
5.13105389e-12,0.00000000e+00
5.13766187e-12,0.00000000e+00
5.14644395e-12,0.00000000e+00
5.15668951e-12,0.00000000e+00
5.16201577e-12,0.00000000e+00
5.16974922e-12,0.00000000e+00
5.17482473e-12,0.00000000e+00
5.17736398e-12,0.00000000e+00
5.18564638e-12,0.00000000e+00
5.19275189e-12,0.00000000e+00
5.19884164e-12,0.00000000e+00
5.20277712e-12,0.00000000e+00
5.20765500e-12,0.00000000e+00
5.21305091e-12,0.00000000e+00
5.22010271e-12,0.00000000e+00
5.22497510e-12,0.00000000e+00
5.22786092e-12,0.00000000e+00
5.23152840e-12,0.00000000e+00
5.23833069e-12,0.00000000e+00
5.24136422e-12,0.00000000e+00
5.24960069e-12,0.00000000e+00
5.25738105e-12,0.00000000e+00
5.26271389e-12,0.00000000e+00
5.27023240e-12,0.00000000e+00
5.27810577e-12,0.00000000e+00
5.28449308e-12,0.00000000e+00
5.28784219e-12,0.00000000e+00
5.29295373e-12,0.00000000e+00
5.29880312e-12,0.00000000e+00
5.30492588e-12,0.00000000e+00
5.30930244e-12,0.00000000e+00
5.31768273e-12,0.00000000e+00
5.32785826e-12,0.00000000e+00
5.33298661e-12,0.00000000e+00
5.33972391e-12,0.00000000e+00
5.34646735e-12,0.00000000e+00
5.35100516e-12,0.00000000e+00
5.35857398e-12,0.00000000e+00
5.36334929e-12,0.00000000e+00
5.37040609e-12,0.00000000e+00
5.37591379e-12,0.00000000e+00
5.38469252e-12,0.00000000e+00
5.38948211e-12,0.00000000e+00
5.39087663e-12,0.00000000e+00
5.39731973e-12,0.00000000e+00
5.40423179e-12,0.00000000e+00
5.41205235e-12,0.00000000e+00
5.41728541e-12,0.00000000e+00
5.42530818e-12,0.00000000e+00
5.43288555e-12,0.00000000e+00
5.43718439e-12,0.00000000e+00
5.44450594e-12,0.00000000e+00
5.44900136e-12,0.00000000e+00
5.45328237e-12,0.00000000e+00
5.45816044e-12,0.00000000e+00
5.46383815e-12,0.00000000e+00
5.47062564e-12,0.00000000e+00
5.47526691e-12,0.00000000e+00
5.47952075e-12,0.00000000e+00
5.48000223e-12,0.00000000e+00
5.48814214e-12,0.00000000e+00
5.49385754e-12,0.00000000e+00
5.50144353e-12,0.00000000e+00
5.51001611e-12,0.00000000e+00
5.51557596e-12,0.00000000e+00
5.52116647e-12,0.00000000e+00
5.52890134e-12,0.00000000e+00
5.53908657e-12,0.00000000e+00
5.54438768e-12,0.00000000e+00
5.55244756e-12,0.00000000e+00
5.55973681e-12,0.00000000e+00
5.56564185e-12,0.00000000e+00
5.56990417e-12,0.00000000e+00
5.57669438e-12,0.00000000e+00
5.58426082e-12,0.00000000e+00
5.58851099e-12,0.00000000e+00
5.59585814e-12,0.00000000e+00
5.60104647e-12,0.00000000e+00
5.60627588e-12,0.00000000e+00
5.61183791e-12,0.00000000e+00
5.61757643e-12,0.00000000e+00
5.62172685e-12,0.00000000e+00
5.62941248e-12,0.00000000e+00
5.63514748e-12,0.00000000e+00
5.63944422e-12,0.00000000e+00
5.64578455e-12,0.00000000e+00
5.65263066e-12,0.00000000e+00
5.65546436e-12,0.00000000e+00
5.66231744e-12,0.00000000e+00
5.66739520e-12,0.00000000e+00
5.67528257e-12,0.00000000e+00
5.68458428e-12,0.00000000e+00
5.68950731e-12,0.00000000e+00
5.69679817e-12,0.00000000e+00
5.70444788e-12,0.00000000e+00
5.70864471e-12,0.00000000e+00
5.71318653e-12,0.00000000e+00
5.72281602e-12,0.00000000e+00
5.73211869e-12,0.00000000e+00
5.73862810e-12,0.00000000e+00
5.74669478e-12,0.00000000e+00
5.75311503e-12,0.00000000e+00
5.75769781e-12,0.00000000e+00
5.76588472e-12,0.00000000e+00
5.77224773e-12,0.00000000e+00
5.77827171e-12,0.00000000e+00
5.78376184e-12,0.00000000e+00
5.79053631e-12,0.00000000e+00
5.79532071e-12,0.00000000e+00
5.80265503e-12,0.00000000e+00
5.80582514e-12,0.00000000e+00
5.81544118e-12,0.00000000e+00
5.82175473e-12,0.00000000e+00
5.82596752e-12,0.00000000e+00
5.83363502e-12,0.00000000e+00
5.84084402e-12,0.00000000e+00
5.84591650e-12,0.00000000e+00
5.85101656e-12,0.00000000e+00
5.85653568e-12,0.00000000e+00
5.86285643e-12,0.00000000e+00
5.86877598e-12,0.00000000e+00
5.87429537e-12,0.00000000e+00
5.87866269e-12,0.00000000e+00
5.88287134e-12,0.00000000e+00
5.88724160e-12,0.00000000e+00
5.89506302e-12,0.00000000e+00
5.90096454e-12,0.00000000e+00
5.90523853e-12,0.00000000e+00
5.91194233e-12,0.00000000e+00
5.91692294e-12,0.00000000e+00
5.92295101e-12,0.00000000e+00
5.93311090e-12,0.00000000e+00
5.93715340e-12,0.00000000e+00
5.94593802e-12,0.00000000e+00
5.95117752e-12,0.00000000e+00
5.95902057e-12,0.00000000e+00
5.96374370e-12,0.00000000e+00
5.97080158e-12,0.00000000e+00
5.97535292e-12,0.00000000e+00
5.98456827e-12,0.00000000e+00
5.98993961e-12,0.00000000e+00
5.99458406e-12,0.00000000e+00
6.00155708e-12,0.00000000e+00
6.00854676e-12,0.00000000e+00
6.01367959e-12,0.00000000e+00
6.01919156e-12,0.00000000e+00
6.02453386e-12,0.00000000e+00
6.03289153e-12,0.00000000e+00
6.03760101e-12,0.00000000e+00
6.04416972e-12,0.00000000e+00
6.04940895e-12,0.00000000e+00
6.06015478e-12,0.00000000e+00
6.06387868e-12,0.00000000e+00
6.06992978e-12,0.00000000e+00
6.07463735e-12,0.00000000e+00
6.08045889e-12,0.00000000e+00
6.08537395e-12,0.00000000e+00
6.09337911e-12,0.00000000e+00
6.09997545e-12,0.00000000e+00
6.10858935e-12,0.00000000e+00
6.11417715e-12,0.00000000e+00
6.12414266e-12,0.00000000e+00
6.13412906e-12,0.00000000e+00
6.14196260e-12,0.00000000e+00
6.14797215e-12,0.00000000e+00
6.15505370e-12,0.00000000e+00
6.15905691e-12,0.00000000e+00
6.16373383e-12,0.00000000e+00
6.16905710e-12,0.00000000e+00
6.17551798e-12,0.00000000e+00
6.17936102e-12,0.00000000e+00
6.18615525e-12,0.00000000e+00
6.19214199e-12,0.00000000e+00
6.19812390e-12,0.00000000e+00
6.20346198e-12,0.00000000e+00
6.20850563e-12,0.00000000e+00
6.21658231e-12,0.00000000e+00
6.22408820e-12,0.00000000e+00
6.22645777e-12,0.00000000e+00
6.23322406e-12,0.00000000e+00
6.24208187e-12,0.00000000e+00
6.24928386e-12,0.00000000e+00
6.25708943e-12,0.00000000e+00
6.26439567e-12,0.00000000e+00
6.26927508e-12,0.00000000e+00
6.27207711e-12,0.00000000e+00
6.28086953e-12,0.00000000e+00
6.28575238e-12,0.00000000e+00
6.29320312e-12,0.00000000e+00
6.30108415e-12,0.00000000e+00
6.30681205e-12,0.00000000e+00
6.31413702e-12,0.00000000e+00
6.32347591e-12,0.00000000e+00
6.33234955e-12,0.00000000e+00
6.33952641e-12,0.00000000e+00
6.34397526e-12,0.00000000e+00
6.34911437e-12,0.00000000e+00
6.35948564e-12,0.00000000e+00
6.36807306e-12,0.00000000e+00
6.37475077e-12,0.00000000e+00
6.38314931e-12,0.00000000e+00
6.38931199e-12,0.00000000e+00
6.39526613e-12,0.00000000e+00
6.39661402e-12,0.00000000e+00
6.39988315e-12,0.00000000e+00
6.40665567e-12,0.00000000e+00
6.40996605e-12,0.00000000e+00
6.41452711e-12,0.00000000e+00
6.41917619e-12,0.00000000e+00
6.42478495e-12,0.00000000e+00
6.43049572e-12,0.00000000e+00
6.43690369e-12,0.00000000e+00
6.44167066e-12,0.00000000e+00
6.44727174e-12,0.00000000e+00
6.45231481e-12,0.00000000e+00
6.45680397e-12,0.00000000e+00
6.46407873e-12,0.00000000e+00
6.47219155e-12,0.00000000e+00
6.47968607e-12,0.00000000e+00
6.48429588e-12,0.00000000e+00
6.48921113e-12,0.00000000e+00
6.49373242e-12,0.00000000e+00
6.50070969e-12,0.00000000e+00
6.50495971e-12,0.00000000e+00
6.50936225e-12,0.00000000e+00
6.51698342e-12,0.00000000e+00
6.52258332e-12,0.00000000e+00
6.52719963e-12,0.00000000e+00
6.53291773e-12,0.00000000e+00
6.54173463e-12,0.00000000e+00
6.55205442e-12,0.00000000e+00
6.55902351e-12,0.00000000e+00
6.56829132e-12,0.00000000e+00
6.57772935e-12,0.00000000e+00
6.58415677e-12,0.00000000e+00
6.58786866e-12,0.00000000e+00
6.59657265e-12,0.00000000e+00
6.59975884e-12,0.00000000e+00
6.60710095e-12,0.00000000e+00
6.61820569e-12,0.00000000e+00
6.62292921e-12,0.00000000e+00
6.63051797e-12,0.00000000e+00
6.63751115e-12,0.00000000e+00
6.64011100e-12,0.00000000e+00
6.64764113e-12,0.00000000e+00
6.65430036e-12,0.00000000e+00
6.65855212e-12,0.00000000e+00
6.66552237e-12,0.00000000e+00
6.67086518e-12,0.00000000e+00
6.67510902e-12,0.00000000e+00
6.68244707e-12,0.00000000e+00
6.69125225e-12,0.00000000e+00
6.70015129e-12,0.00000000e+00
6.70550792e-12,0.00000000e+00
6.71093579e-12,0.00000000e+00
6.71497171e-12,0.00000000e+00
6.71611342e-12,0.00000000e+00
6.72219290e-12,0.00000000e+00
6.73276659e-12,0.00000000e+00
6.74076294e-12,0.00000000e+00
6.74743821e-12,0.00000000e+00
6.75425128e-12,0.00000000e+00
6.76339060e-12,0.00000000e+00
6.76999785e-12,0.00000000e+00
6.77603714e-12,0.00000000e+00
6.78274359e-12,0.00000000e+00
6.78854731e-12,0.00000000e+00
6.79554406e-12,0.00000000e+00
6.80219892e-12,0.00000000e+00
6.80765368e-12,0.00000000e+00
6.81018446e-12,0.00000000e+00
6.81447118e-12,0.00000000e+00
6.81987583e-12,0.00000000e+00
6.82529768e-12,0.00000000e+00
6.83609038e-12,0.00000000e+00
6.83918288e-12,0.00000000e+00
6.84591156e-12,0.00000000e+00
6.85154003e-12,0.00000000e+00
6.85631430e-12,0.00000000e+00
6.86321520e-12,0.00000000e+00
6.86786821e-12,0.00000000e+00
6.87602487e-12,0.00000000e+00
6.88210162e-12,0.00000000e+00
6.89016226e-12,0.00000000e+00
6.89785026e-12,0.00000000e+00
6.90175847e-12,0.00000000e+00
6.90773005e-12,0.00000000e+00
6.91579822e-12,0.00000000e+00
6.92229062e-12,0.00000000e+00
6.92593891e-12,0.00000000e+00
6.93314908e-12,0.00000000e+00
6.93890838e-12,0.00000000e+00
6.94565803e-12,0.00000000e+00
6.95260557e-12,0.00000000e+00
6.96105359e-12,0.00000000e+00
6.96703690e-12,0.00000000e+00
6.96962044e-12,0.00000000e+00
6.98006148e-12,0.00000000e+00
6.98278872e-12,0.00000000e+00
6.98798231e-12,0.00000000e+00
6.99360744e-12,0.00000000e+00
7.00351772e-12,0.00000000e+00
7.00830700e-12,0.00000000e+00
7.01601797e-12,0.00000000e+00
7.01963961e-12,0.00000000e+00
7.02375739e-12,0.00000000e+00
7.03106834e-12,0.00000000e+00
7.04002018e-12,0.00000000e+00
7.04388131e-12,0.00000000e+00
7.05168382e-12,0.00000000e+00
7.05916886e-12,0.00000000e+00
7.06495885e-12,0.00000000e+00
7.06739365e-12,0.00000000e+00
7.07382521e-12,0.00000000e+00
7.08118128e-12,0.00000000e+00
7.08855187e-12,0.00000000e+00
7.09508792e-12,0.00000000e+00
7.10131558e-12,0.00000000e+00
7.10550562e-12,0.00000000e+00
7.11242139e-12,0.00000000e+00
7.11783386e-12,2.00000000e-02
7.12456816e-12,2.00000000e-02
7.13180571e-12,2.00000000e-02
7.13971700e-12,2.00000000e-02
7.14495901e-12,2.00000000e-02
7.14891078e-12,2.00000000e-02
7.15665079e-12,2.00000000e-02
7.16808201e-12,2.00000000e-02
7.17495433e-12,2.00000000e-02
7.18470797e-12,2.00000000e-02
7.18913235e-12,2.00000000e-02
7.19691698e-12,2.00000000e-02
7.20609562e-12,2.00000000e-02
7.21529425e-12,2.00000000e-02
7.21880423e-12,2.00000000e-02
7.22371195e-12,2.00000000e-02
7.23034152e-12,2.00000000e-02
7.23182550e-12,2.00000000e-02
7.23987718e-12,2.00000000e-02
7.24448015e-12,2.00000000e-02
7.25042825e-12,2.00000000e-02
7.25841649e-12,2.00000000e-02
7.26605281e-12,2.00000000e-02
7.27660773e-12,2.00000000e-02
7.28097157e-12,2.00000000e-02
7.28624048e-12,2.00000000e-02
7.28802248e-12,2.00000000e-02
7.29195912e-12,2.00000000e-02
7.29851972e-12,2.00000000e-02
7.30310551e-12,2.00000000e-02
7.30932118e-12,2.00000000e-02
7.31399423e-12,2.00000000e-02
7.31666933e-12,2.00000000e-02
7.32099251e-12,2.00000000e-02
7.32494745e-12,2.00000000e-02
7.33167007e-12,2.00000000e-02
7.33608652e-12,2.00000000e-02
7.34184115e-12,2.00000000e-02
7.34705181e-12,2.00000000e-02
7.35761622e-12,2.00000000e-02
7.36167601e-12,2.00000000e-02
7.36576265e-12,2.00000000e-02
7.37393627e-12,2.00000000e-02
7.38064954e-12,2.00000000e-02
7.38929815e-12,2.00000000e-02
7.39394256e-12,2.00000000e-02
7.40155452e-12,2.00000000e-02
7.40783850e-12,2.00000000e-02
7.41353481e-12,2.00000000e-02
7.41649243e-12,2.00000000e-02
7.42253645e-12,0.00000000e+00
7.42946215e-12,0.00000000e+00
7.43491645e-12,0.00000000e+00
7.43991487e-12,0.00000000e+00
7.45160896e-12,0.00000000e+00
7.45684170e-12,0.00000000e+00
7.46526122e-12,0.00000000e+00
7.47360278e-12,0.00000000e+00
7.48304859e-12,0.00000000e+00
7.49075535e-12,0.00000000e+00
7.49668218e-12,0.00000000e+00
7.50014302e-12,0.00000000e+00
7.50708911e-12,0.00000000e+00
7.51348696e-12,0.00000000e+00
7.51734869e-12,0.00000000e+00
7.52354140e-12,0.00000000e+00
7.53190927e-12,0.00000000e+00
7.53832674e-12,0.00000000e+00
7.54309661e-12,0.00000000e+00
7.54730454e-12,0.00000000e+00
7.55754623e-12,0.00000000e+00
7.56378907e-12,0.00000000e+00
7.57430674e-12,0.00000000e+00
7.57779075e-12,0.00000000e+00
7.58509454e-12,0.00000000e+00
7.59059330e-12,0.00000000e+00
7.59796763e-12,0.00000000e+00
7.60290877e-12,0.00000000e+00
7.60857496e-12,0.00000000e+00
7.61671239e-12,0.00000000e+00
7.61836045e-12,0.00000000e+00
7.62640871e-12,0.00000000e+00
7.63105757e-12,0.00000000e+00
7.63944905e-12,0.00000000e+00
7.64445428e-12,0.00000000e+00
7.65308774e-12,0.00000000e+00
7.66008277e-12,0.00000000e+00
7.66679987e-12,0.00000000e+00
7.66948957e-12,0.00000000e+00
7.67510543e-12,0.00000000e+00
7.68146630e-12,0.00000000e+00
7.68693605e-12,0.00000000e+00
7.69350040e-12,0.00000000e+00
7.69955280e-12,0.00000000e+00
7.70141036e-12,0.00000000e+00
7.70608062e-12,0.00000000e+00
7.71065286e-12,0.00000000e+00
7.71269900e-12,0.00000000e+00
7.71946353e-12,0.00000000e+00
7.72516699e-12,0.00000000e+00
7.73481407e-12,0.00000000e+00
7.74146929e-12,0.00000000e+00
7.74806437e-12,0.00000000e+00
7.75374272e-12,0.00000000e+00
7.75979460e-12,0.00000000e+00
7.76374237e-12,0.00000000e+00
7.77134278e-12,0.00000000e+00
7.77601047e-12,0.00000000e+00
7.77904116e-12,0.00000000e+00
7.78647306e-12,0.00000000e+00
7.79327251e-12,0.00000000e+00
7.79720393e-12,0.00000000e+00
7.80731071e-12,0.00000000e+00
7.81394712e-12,0.00000000e+00
7.81769547e-12,0.00000000e+00
7.82717529e-12,0.00000000e+00
7.83684075e-12,0.00000000e+00
7.84225981e-12,0.00000000e+00
7.84521438e-12,0.00000000e+00
7.85461113e-12,0.00000000e+00
7.85882338e-12,0.00000000e+00
7.86565309e-12,0.00000000e+00
7.86955276e-12,0.00000000e+00
7.87494132e-12,0.00000000e+00
7.88297531e-12,0.00000000e+00
7.88862080e-12,0.00000000e+00
7.89125027e-12,0.00000000e+00
7.89888111e-12,0.00000000e+00
7.90969901e-12,0.00000000e+00
7.91821224e-12,0.00000000e+00
7.92603538e-12,0.00000000e+00
7.93012874e-12,0.00000000e+00
7.93780131e-12,0.00000000e+00
7.94156516e-12,0.00000000e+00
7.94882117e-12,0.00000000e+00
7.95003297e-12,0.00000000e+00
7.95491542e-12,0.00000000e+00
7.96083945e-12,0.00000000e+00
7.96560165e-12,0.00000000e+00
7.97282783e-12,0.00000000e+00
7.98027927e-12,0.00000000e+00
7.98697385e-12,0.00000000e+00
7.99506253e-12,0.00000000e+00
8.00247098e-12,0.00000000e+00
8.00900554e-12,0.00000000e+00
8.01335437e-12,0.00000000e+00
8.02131910e-12,0.00000000e+00
8.03140866e-12,0.00000000e+00
8.03964631e-12,0.00000000e+00
8.04892096e-12,0.00000000e+00
8.05709545e-12,0.00000000e+00
8.06707222e-12,0.00000000e+00
8.07324443e-12,0.00000000e+00
8.08240887e-12,0.00000000e+00
8.08588110e-12,0.00000000e+00
8.09148824e-12,0.00000000e+00
8.09934188e-12,0.00000000e+00
8.10748893e-12,0.00000000e+00
8.11555486e-12,0.00000000e+00
8.12129841e-12,0.00000000e+00
8.12954518e-12,0.00000000e+00
8.13400153e-12,0.00000000e+00
8.13782826e-12,0.00000000e+00
8.14629111e-12,0.00000000e+00
8.15165986e-12,0.00000000e+00
8.16008177e-12,0.00000000e+00
8.16686866e-12,0.00000000e+00
8.17362873e-12,0.00000000e+00
8.17969103e-12,0.00000000e+00
8.18518712e-12,0.00000000e+00
8.19035725e-12,0.00000000e+00
8.19469573e-12,0.00000000e+00
8.20449506e-12,0.00000000e+00
8.21051141e-12,0.00000000e+00
8.22037525e-12,0.00000000e+00
8.22671457e-12,0.00000000e+00
8.23565445e-12,0.00000000e+00
8.24394586e-12,0.00000000e+00
8.24801610e-12,0.00000000e+00
8.25517687e-12,0.00000000e+00
8.26055866e-12,0.00000000e+00
8.26704092e-12,0.00000000e+00
8.27384094e-12,0.00000000e+00
8.27837205e-12,0.00000000e+00
8.28424952e-12,0.00000000e+00
8.29039195e-12,0.00000000e+00
8.29936416e-12,0.00000000e+00
8.30607864e-12,0.00000000e+00
8.31165403e-12,0.00000000e+00
8.31769537e-12,0.00000000e+00
8.32521706e-12,0.00000000e+00
8.32949324e-12,0.00000000e+00
8.33370933e-12,0.00000000e+00
8.33993037e-12,0.00000000e+00
8.34250967e-12,0.00000000e+00
8.34612477e-12,0.00000000e+00
8.35277024e-12,0.00000000e+00
8.35915598e-12,0.00000000e+00
8.36472525e-12,0.00000000e+00
8.36947728e-12,0.00000000e+00
8.37639659e-12,0.00000000e+00
8.38310309e-12,0.00000000e+00
8.38519152e-12,0.00000000e+00
8.38899092e-12,0.00000000e+00
8.39570114e-12,0.00000000e+00
8.40338816e-12,0.00000000e+00
8.40789057e-12,0.00000000e+00
8.41779794e-12,0.00000000e+00
8.42484048e-12,0.00000000e+00
8.42859281e-12,0.00000000e+00
8.43953477e-12,0.00000000e+00
8.44594842e-12,0.00000000e+00
8.45345826e-12,0.00000000e+00
8.46304962e-12,0.00000000e+00
8.46879737e-12,0.00000000e+00
8.47133179e-12,0.00000000e+00
8.47924157e-12,0.00000000e+00
8.48550096e-12,0.00000000e+00
8.49013109e-12,0.00000000e+00
8.49994329e-12,0.00000000e+00
8.51082237e-12,0.00000000e+00
8.51918624e-12,0.00000000e+00
8.52475922e-12,0.00000000e+00
8.52694174e-12,0.00000000e+00
8.53139849e-12,0.00000000e+00
8.53911112e-12,0.00000000e+00
8.54129002e-12,0.00000000e+00
8.54484662e-12,0.00000000e+00
8.54927293e-12,0.00000000e+00
8.55174004e-12,0.00000000e+00
8.55936833e-12,0.00000000e+00
8.56395511e-12,0.00000000e+00
8.56805573e-12,0.00000000e+00
8.57492881e-12,0.00000000e+00
8.58127955e-12,0.00000000e+00
8.59112578e-12,0.00000000e+00
8.59371613e-12,0.00000000e+00
8.59598983e-12,0.00000000e+00
8.60415918e-12,0.00000000e+00
8.61104281e-12,0.00000000e+00
8.61665815e-12,0.00000000e+00
8.62436384e-12,0.00000000e+00
8.63362187e-12,0.00000000e+00
8.63907707e-12,0.00000000e+00
8.64176535e-12,0.00000000e+00
8.64371113e-12,0.00000000e+00
8.65004828e-12,0.00000000e+00
8.65984316e-12,0.00000000e+00
8.66418487e-12,0.00000000e+00
8.66962284e-12,0.00000000e+00
8.68179699e-12,0.00000000e+00
8.68919215e-12,0.00000000e+00
8.69454848e-12,0.00000000e+00
8.70071045e-12,0.00000000e+00
8.70627565e-12,0.00000000e+00
8.71236701e-12,0.00000000e+00
8.72097504e-12,0.00000000e+00
8.73148136e-12,0.00000000e+00
8.73703672e-12,0.00000000e+00
8.74156878e-12,0.00000000e+00
8.75317212e-12,0.00000000e+00
8.76418042e-12,0.00000000e+00
8.77248656e-12,0.00000000e+00
8.78085413e-12,0.00000000e+00
8.79067362e-12,0.00000000e+00
8.79143433e-12,0.00000000e+00
8.79782175e-12,0.00000000e+00
8.80505392e-12,0.00000000e+00
8.81541618e-12,0.00000000e+00
8.82145272e-12,0.00000000e+00
8.82928882e-12,0.00000000e+00
8.83808399e-12,0.00000000e+00
8.84465083e-12,0.00000000e+00
8.85100056e-12,0.00000000e+00
8.86001949e-12,0.00000000e+00
8.86654312e-12,0.00000000e+00
8.87273895e-12,0.00000000e+00
8.87875920e-12,0.00000000e+00
8.88411593e-12,0.00000000e+00
8.89321053e-12,0.00000000e+00
8.89964015e-12,0.00000000e+00
8.90365461e-12,0.00000000e+00
8.91121071e-12,0.00000000e+00
8.91755730e-12,0.00000000e+00
8.92152450e-12,0.00000000e+00
8.92863924e-12,0.00000000e+00
8.93525174e-12,0.00000000e+00
8.94012918e-12,0.00000000e+00
8.94791433e-12,0.00000000e+00
8.95518082e-12,0.00000000e+00
8.96569235e-12,0.00000000e+00
8.97247001e-12,0.00000000e+00
8.98199279e-12,0.00000000e+00
8.99118891e-12,0.00000000e+00
8.99781890e-12,0.00000000e+00
9.00364850e-12,0.00000000e+00
9.00798055e-12,0.00000000e+00
9.01381226e-12,0.00000000e+00
9.01675412e-12,0.00000000e+00
9.02286498e-12,0.00000000e+00
9.02963443e-12,0.00000000e+00
9.03979307e-12,0.00000000e+00
9.04735336e-12,0.00000000e+00
9.05819740e-12,0.00000000e+00
9.06442279e-12,0.00000000e+00
9.07267704e-12,0.00000000e+00
9.07889947e-12,0.00000000e+00
9.08655340e-12,0.00000000e+00
9.09533102e-12,0.00000000e+00
9.10449423e-12,0.00000000e+00
9.11281648e-12,0.00000000e+00
9.11662825e-12,0.00000000e+00
9.11929266e-12,0.00000000e+00
9.12700046e-12,0.00000000e+00
9.12907954e-12,0.00000000e+00
9.13714620e-12,0.00000000e+00
9.14255381e-12,0.00000000e+00
9.14845604e-12,0.00000000e+00
9.15976222e-12,0.00000000e+00
9.16134537e-12,0.00000000e+00
9.16809679e-12,0.00000000e+00
9.17536795e-12,0.00000000e+00
9.18215247e-12,0.00000000e+00
9.18368059e-12,0.00000000e+00
9.18680640e-12,0.00000000e+00
9.19331123e-12,0.00000000e+00
9.20062355e-12,0.00000000e+00
9.20737422e-12,0.00000000e+00
9.21308513e-12,0.00000000e+00
9.21957164e-12,0.00000000e+00
9.22444881e-12,0.00000000e+00
9.23099286e-12,0.00000000e+00
9.23547521e-12,0.00000000e+00
9.24069607e-12,0.00000000e+00
9.24642926e-12,0.00000000e+00
9.25230218e-12,0.00000000e+00
9.25928544e-12,0.00000000e+00
9.26610623e-12,0.00000000e+00
9.27109871e-12,0.00000000e+00
9.28045197e-12,0.00000000e+00
9.28465916e-12,0.00000000e+00
