0.00000000e+00,3.94540000e+02
1.32568801e-15,3.79820000e+02
2.68917991e-15,3.69860000e+02
3.97713242e-15,3.58320000e+02
4.94271183e-15,3.50520000e+02
6.17929246e-15,3.42000000e+02
6.85224692e-15,3.40340000e+02
8.07621167e-15,3.32680000e+02
8.84837364e-15,3.32160000e+02
1.03798297e-14,3.21440000e+02
1.09658478e-14,3.19140000e+02
1.24880477e-14,3.10380000e+02
1.37513322e-14,3.06880000e+02
1.49680043e-14,3.01380000e+02
1.62671814e-14,2.94740000e+02
1.80108885e-14,2.84180000e+02
1.92603153e-14,2.80180000e+02
2.04516128e-14,2.73960000e+02
2.17457051e-14,2.68620000e+02
2.27029401e-14,2.65640000e+02
2.31055852e-14,2.66440000e+02
2.45580597e-14,2.61260000e+02
2.52744534e-14,2.61240000e+02
2.65895400e-14,2.58320000e+02
2.73259540e-14,2.57120000e+02
2.87477897e-14,2.52520000e+02
3.00688359e-14,2.48460000e+02
3.19207738e-14,2.42500000e+02
3.33655229e-14,2.38140000e+02
3.45077763e-14,2.37180000e+02
3.52808969e-14,2.37320000e+02
3.59519064e-14,2.37780000e+02
3.75897753e-14,2.35240000e+02
3.86883918e-14,2.35480000e+02
4.01309092e-14,2.30860000e+02
4.11285561e-14,2.29580000e+02
4.27327483e-14,2.24140000e+02
4.38819408e-14,2.22420000e+02
4.52007207e-14,2.20040000e+02
4.66549515e-14,2.17400000e+02
4.83228536e-14,2.16860000e+02
5.01736095e-14,2.14420000e+02
5.15969762e-14,2.12680000e+02
5.28893853e-14,2.10900000e+02
5.39841861e-14,2.12640000e+02
5.55700099e-14,2.11240000e+02
5.72427593e-14,2.05780000e+02
5.78000478e-14,2.04740000e+02
5.91403710e-14,2.03000000e+02
6.00829886e-14,2.02960000e+02
6.15989768e-14,2.00160000e+02
6.27328541e-14,1.99480000e+02
6.47453759e-14,1.95180000e+02
6.58524563e-14,1.93920000e+02
6.69311678e-14,1.92620000e+02
6.85494938e-14,1.90020000e+02
7.02551743e-14,1.87940000e+02
7.16153470e-14,1.87900000e+02
7.36252688e-14,1.82340000e+02
7.49131454e-14,1.80160000e+02
7.57027970e-14,1.79800000e+02
7.71401341e-14,1.77900000e+02
7.92196001e-14,1.73660000e+02
8.10196047e-14,1.70380000e+02
8.22288970e-14,1.67360000e+02
8.33848417e-14,1.68020000e+02
8.49767159e-14,1.66460000e+02
8.62361557e-14,1.65920000e+02
8.76580134e-14,1.64000000e+02
8.92377476e-14,1.62360000e+02
9.04923428e-14,1.60320000e+02
9.21090137e-14,1.57760000e+02
9.37477460e-14,1.55140000e+02
9.56562524e-14,1.51500000e+02
9.69558923e-14,1.51720000e+02
9.84707072e-14,1.49300000e+02
9.97317564e-14,1.48920000e+02
1.01810216e-13,1.46300000e+02
1.03163453e-13,1.45560000e+02
1.05344198e-13,1.42980000e+02
1.07044433e-13,1.40640000e+02
1.08782641e-13,1.38860000e+02
1.10822220e-13,1.35620000e+02
1.13297868e-13,1.31420000e+02
1.14454438e-13,1.30780000e+02
1.16395157e-13,1.29260000e+02
1.17110519e-13,1.29700000e+02
1.19007548e-13,1.27900000e+02
1.21173259e-13,1.25680000e+02
1.22930463e-13,1.23300000e+02
1.25996969e-13,1.19160000e+02
1.28798167e-13,1.14740000e+02
1.31116808e-13,1.11440000e+02
1.32677025e-13,1.08920000e+02
1.35648006e-13,1.03660000e+02
1.38177994e-13,1.00160000e+02
1.38775040e-13,1.01460000e+02
1.39595416e-13,1.00740000e+02
1.41049628e-13,9.88000000e+01
1.43149789e-13,9.74000000e+01
1.44805958e-13,9.52800000e+01
1.47051960e-13,9.21600000e+01
1.49068402e-13,9.05600000e+01
1.50850262e-13,9.01400000e+01
1.52385956e-13,8.89200000e+01
1.53950608e-13,8.72600000e+01
1.56382069e-13,8.49600000e+01
1.59136297e-13,8.17000000e+01
1.59536797e-13,8.28000000e+01
1.60791114e-13,8.24400000e+01
1.62647749e-13,8.11000000e+01
1.64803399e-13,7.95400000e+01
1.66611840e-13,7.82000000e+01
1.68092608e-13,7.69800000e+01
1.68818046e-13,7.70800000e+01
1.71706059e-13,7.41200000e+01
1.74309258e-13,7.16200000e+01
1.76553980e-13,6.95800000e+01
1.78072640e-13,6.87200000e+01
1.80359834e-13,6.70800000e+01
1.82018648e-13,6.65600000e+01
1.83475764e-13,6.54600000e+01
1.84825288e-13,6.44400000e+01
1.86622380e-13,6.38000000e+01
1.89582398e-13,6.14400000e+01
1.91277025e-13,6.09000000e+01
1.93794884e-13,5.91400000e+01
1.95590690e-13,5.78600000e+01
1.98398811e-13,5.58200000e+01
2.01302137e-13,5.41600000e+01
2.03487013e-13,5.29600000e+01
2.05754391e-13,5.13400000e+01
2.07458357e-13,5.01000000e+01
2.09381395e-13,4.90800000e+01
2.12361785e-13,4.80600000e+01
2.15049710e-13,4.63400000e+01
2.18104893e-13,4.44400000e+01
2.20411297e-13,4.32000000e+01
2.22521503e-13,4.18800000e+01
2.24207164e-13,4.10200000e+01
2.28080525e-13,3.90800000e+01
2.30583357e-13,3.78400000e+01
2.32202720e-13,3.70400000e+01
2.34230303e-13,3.61800000e+01
2.35842052e-13,3.55000000e+01
2.38088120e-13,3.43400000e+01
2.42978093e-13,3.22200000e+01
2.44570240e-13,3.16800000e+01
2.46095358e-13,3.10600000e+01
2.49741585e-13,2.94200000e+01
2.50624518e-13,2.91200000e+01
2.51646312e-13,2.89000000e+01
2.55533846e-13,2.76800000e+01
2.61317115e-13,2.56000000e+01
2.64017042e-13,2.46400000e+01
2.65936654e-13,2.40400000e+01
2.68273990e-13,2.32600000e+01
2.70181206e-13,2.24200000e+01
2.73747297e-13,2.09600000e+01
2.77539668e-13,1.97400000e+01
2.79706260e-13,1.90400000e+01
2.81704781e-13,1.85400000e+01
2.84015173e-13,1.78200000e+01
2.86026374e-13,1.74000000e+01
2.89795604e-13,1.66000000e+01
2.92572201e-13,1.60000000e+01
2.95502645e-13,1.55000000e+01
2.99216066e-13,1.48800000e+01
3.02403419e-13,1.41400000e+01
3.05649178e-13,1.35400000e+01
3.09159154e-13,1.26800000e+01
3.11083964e-13,1.24200000e+01
3.14138136e-13,1.21200000e+01
3.17982433e-13,1.15200000e+01
3.21750600e-13,1.09400000e+01
3.25005789e-13,1.02600000e+01
3.28283847e-13,9.60000000e+00
3.31037699e-13,9.08000000e+00
3.35144509e-13,8.58000000e+00
3.38731382e-13,8.04000000e+00
3.42818158e-13,7.28000000e+00
3.45667293e-13,6.92000000e+00
3.47893547e-13,6.66000000e+00
3.50569507e-13,6.40000000e+00
3.55183525e-13,5.78000000e+00
3.58646080e-13,5.46000000e+00
3.61004541e-13,5.30000000e+00
3.65354495e-13,4.96000000e+00
3.67979496e-13,4.82000000e+00
3.70345843e-13,4.66000000e+00
3.74760671e-13,4.44000000e+00
3.76994757e-13,4.34000000e+00
3.80854669e-13,4.06000000e+00
3.84125443e-13,3.94000000e+00
3.86399733e-13,3.68000000e+00
3.89074640e-13,3.46000000e+00
3.92225713e-13,3.30000000e+00
3.95067640e-13,3.08000000e+00
3.97390417e-13,2.98000000e+00
4.02847693e-13,2.80000000e+00
4.07420422e-13,2.60000000e+00
4.10577853e-13,2.50000000e+00
4.13986426e-13,2.42000000e+00
4.18171696e-13,2.28000000e+00
4.22042113e-13,2.16000000e+00
4.24372705e-13,2.12000000e+00
4.27925132e-13,1.96000000e+00
4.29414963e-13,1.94000000e+00
4.32012091e-13,1.84000000e+00
4.33642542e-13,1.82000000e+00
4.36498131e-13,1.68000000e+00
4.41710411e-13,1.50000000e+00
4.44543769e-13,1.46000000e+00
4.51354628e-13,1.38000000e+00
4.53762715e-13,1.36000000e+00
4.56550312e-13,1.30000000e+00
4.62862313e-13,1.16000000e+00
4.66822027e-13,1.06000000e+00
4.69748956e-13,9.60000000e-01
4.74960849e-13,9.00000000e-01
4.78614668e-13,8.80000000e-01
4.81286954e-13,7.80000000e-01
4.85654937e-13,7.00000000e-01
4.89216970e-13,6.80000000e-01
4.91218374e-13,6.40000000e-01
4.93861267e-13,6.20000000e-01
4.97707125e-13,5.80000000e-01
5.01590072e-13,5.60000000e-01
5.03314377e-13,5.40000000e-01
5.08104655e-13,5.00000000e-01
5.13010751e-13,5.00000000e-01
5.17077463e-13,4.40000000e-01
5.20403509e-13,4.40000000e-01
5.25674746e-13,4.00000000e-01
5.30213611e-13,3.20000000e-01
5.34543071e-13,3.20000000e-01
5.38812956e-13,3.00000000e-01
5.43933568e-13,2.80000000e-01
5.48777621e-13,2.60000000e-01
5.53815402e-13,2.20000000e-01
5.58677299e-13,2.00000000e-01
5.64248454e-13,1.60000000e-01
5.68083747e-13,1.60000000e-01
5.73425345e-13,1.40000000e-01
5.74876265e-13,1.40000000e-01
5.80399928e-13,1.40000000e-01
5.84013196e-13,1.40000000e-01
5.86753947e-13,1.40000000e-01
5.90971058e-13,1.40000000e-01
5.96345850e-13,1.20000000e-01
6.02153017e-13,1.00000000e-01
6.08883813e-13,6.00000000e-02
6.14632154e-13,4.00000000e-02
6.17821203e-13,4.00000000e-02
6.22034446e-13,2.00000000e-02
6.27514945e-13,0.00000000e+00
6.32487276e-13,0.00000000e+00
6.36922766e-13,0.00000000e+00
6.41419220e-13,0.00000000e+00
6.45512575e-13,0.00000000e+00
6.49106796e-13,0.00000000e+00
6.51456204e-13,0.00000000e+00
6.55441277e-13,0.00000000e+00
6.57447656e-13,0.00000000e+00
6.60559084e-13,0.00000000e+00
6.62978507e-13,0.00000000e+00
6.68303245e-13,0.00000000e+00
6.74917308e-13,0.00000000e+00
6.80187819e-13,0.00000000e+00
6.80341273e-13,0.00000000e+00
6.81910688e-13,0.00000000e+00
6.86745581e-13,0.00000000e+00
6.92146925e-13,0.00000000e+00
6.96467622e-13,0.00000000e+00
6.99458156e-13,0.00000000e+00
7.01887005e-13,0.00000000e+00
7.06319314e-13,0.00000000e+00
7.11577924e-13,0.00000000e+00
7.15256070e-13,0.00000000e+00
7.18929814e-13,0.00000000e+00
7.24169479e-13,0.00000000e+00
7.31285795e-13,0.00000000e+00
7.35936209e-13,0.00000000e+00
7.37916038e-13,0.00000000e+00
7.40056264e-13,0.00000000e+00
7.45953270e-13,0.00000000e+00
7.50125785e-13,0.00000000e+00
7.52580206e-13,0.00000000e+00
7.61103937e-13,0.00000000e+00
7.66060139e-13,0.00000000e+00
7.72977968e-13,0.00000000e+00
7.77692549e-13,0.00000000e+00
7.82603894e-13,0.00000000e+00
7.86685101e-13,0.00000000e+00
7.93272593e-13,0.00000000e+00
7.97813970e-13,0.00000000e+00
8.01603101e-13,0.00000000e+00
8.05649692e-13,0.00000000e+00
8.09260589e-13,0.00000000e+00
8.15324477e-13,0.00000000e+00
8.20472940e-13,0.00000000e+00
8.25751070e-13,0.00000000e+00
8.33984941e-13,0.00000000e+00
8.39690616e-13,0.00000000e+00
8.41449148e-13,0.00000000e+00
8.45290026e-13,0.00000000e+00
8.51769940e-13,0.00000000e+00
8.56766306e-13,0.00000000e+00
8.63155315e-13,0.00000000e+00
8.69512121e-13,0.00000000e+00
8.71013712e-13,0.00000000e+00
8.77338209e-13,0.00000000e+00
8.82293200e-13,0.00000000e+00
8.85871932e-13,0.00000000e+00
8.90043040e-13,0.00000000e+00
8.94144727e-13,0.00000000e+00
9.00042172e-13,0.00000000e+00
9.03781896e-13,0.00000000e+00
9.07711728e-13,0.00000000e+00
9.14476676e-13,0.00000000e+00
9.18792384e-13,0.00000000e+00
9.21389990e-13,0.00000000e+00
9.25961201e-13,0.00000000e+00
9.30812289e-13,0.00000000e+00
9.35111397e-13,0.00000000e+00
9.37639639e-13,0.00000000e+00
9.42719674e-13,0.00000000e+00
9.45559137e-13,0.00000000e+00
9.49246742e-13,0.00000000e+00
9.54594605e-13,0.00000000e+00
9.60344542e-13,0.00000000e+00
9.63233503e-13,0.00000000e+00
9.65699184e-13,0.00000000e+00
9.67398071e-13,0.00000000e+00
9.71427756e-13,0.00000000e+00
9.75844864e-13,0.00000000e+00
9.80924095e-13,0.00000000e+00
9.85941635e-13,0.00000000e+00
9.91855270e-13,0.00000000e+00
9.92746504e-13,0.00000000e+00
9.97882853e-13,0.00000000e+00
1.00355038e-12,0.00000000e+00
1.00933981e-12,0.00000000e+00
1.01518152e-12,0.00000000e+00
1.01892126e-12,0.00000000e+00
1.02169688e-12,0.00000000e+00
1.02568968e-12,0.00000000e+00
1.02883105e-12,0.00000000e+00
1.03226958e-12,0.00000000e+00
1.03725155e-12,0.00000000e+00
1.04016503e-12,0.00000000e+00
1.04478325e-12,0.00000000e+00
1.05293011e-12,0.00000000e+00
1.05847536e-12,0.00000000e+00
1.06078438e-12,0.00000000e+00
1.06436905e-12,0.00000000e+00
1.06889834e-12,0.00000000e+00
1.07205774e-12,0.00000000e+00
1.07653546e-12,0.00000000e+00
1.07817391e-12,0.00000000e+00
1.08247060e-12,0.00000000e+00
1.08576417e-12,0.00000000e+00
1.08952726e-12,0.00000000e+00
1.09383872e-12,0.00000000e+00
1.09609298e-12,0.00000000e+00
1.09993654e-12,0.00000000e+00
1.10356154e-12,0.00000000e+00
1.10687996e-12,0.00000000e+00
1.11014781e-12,0.00000000e+00
1.11495367e-12,0.00000000e+00
1.12099278e-12,0.00000000e+00
1.12467608e-12,0.00000000e+00
1.12885732e-12,0.00000000e+00
1.13194744e-12,0.00000000e+00
1.13506697e-12,0.00000000e+00
1.13853688e-12,0.00000000e+00
1.14289780e-12,0.00000000e+00
1.14751549e-12,0.00000000e+00
1.15320821e-12,0.00000000e+00
1.15532977e-12,0.00000000e+00
1.15801609e-12,0.00000000e+00
1.16268411e-12,0.00000000e+00
1.16743190e-12,0.00000000e+00
1.17137390e-12,0.00000000e+00
1.17631408e-12,0.00000000e+00
1.17869659e-12,0.00000000e+00
1.18305615e-12,0.00000000e+00
1.18560764e-12,0.00000000e+00
1.19417257e-12,0.00000000e+00
1.20051850e-12,0.00000000e+00
1.20557793e-12,0.00000000e+00
1.20754765e-12,0.00000000e+00
1.20918686e-12,0.00000000e+00
1.21291287e-12,0.00000000e+00
1.21722930e-12,0.00000000e+00
1.22302270e-12,0.00000000e+00
1.22678720e-12,0.00000000e+00
1.23055143e-12,0.00000000e+00
1.23320822e-12,0.00000000e+00
1.23850849e-12,0.00000000e+00
1.24226930e-12,0.00000000e+00
1.24709679e-12,0.00000000e+00
1.25220397e-12,0.00000000e+00
1.25623208e-12,0.00000000e+00
1.25930779e-12,0.00000000e+00
1.26232371e-12,0.00000000e+00
1.26915266e-12,0.00000000e+00
1.26926938e-12,0.00000000e+00
1.27174762e-12,0.00000000e+00
1.27491174e-12,0.00000000e+00
1.28132033e-12,0.00000000e+00
1.28578539e-12,0.00000000e+00
1.29134672e-12,0.00000000e+00
1.29678898e-12,0.00000000e+00
1.29992970e-12,0.00000000e+00
1.30279401e-12,0.00000000e+00
1.30783641e-12,0.00000000e+00
1.31240302e-12,0.00000000e+00
1.31903573e-12,0.00000000e+00
1.32286534e-12,0.00000000e+00
1.32702257e-12,0.00000000e+00
1.33338365e-12,0.00000000e+00
1.33851479e-12,0.00000000e+00
1.34267594e-12,0.00000000e+00
1.35127449e-12,0.00000000e+00
1.35555246e-12,0.00000000e+00
1.36057283e-12,0.00000000e+00
1.36629199e-12,0.00000000e+00
1.36979856e-12,0.00000000e+00
1.37588023e-12,0.00000000e+00
1.37909429e-12,0.00000000e+00
1.38583030e-12,0.00000000e+00
1.39024601e-12,0.00000000e+00
1.39551269e-12,0.00000000e+00
1.39857656e-12,0.00000000e+00
1.40367110e-12,0.00000000e+00
1.40875994e-12,0.00000000e+00
1.41462037e-12,0.00000000e+00
1.42044421e-12,0.00000000e+00
1.42484608e-12,0.00000000e+00
1.42724790e-12,0.00000000e+00
1.43268629e-12,0.00000000e+00
1.43728635e-12,0.00000000e+00
1.44070910e-12,0.00000000e+00
1.44569706e-12,0.00000000e+00
1.45080273e-12,0.00000000e+00
1.45237528e-12,0.00000000e+00
1.45919025e-12,0.00000000e+00
1.46271325e-12,0.00000000e+00
1.46856021e-12,0.00000000e+00
1.47133910e-12,0.00000000e+00
1.47540344e-12,0.00000000e+00
1.48067012e-12,0.00000000e+00
1.48438066e-12,0.00000000e+00
1.49055507e-12,0.00000000e+00
1.49262989e-12,0.00000000e+00
1.49625579e-12,0.00000000e+00
1.50026363e-12,0.00000000e+00
1.50590782e-12,0.00000000e+00
1.51164467e-12,0.00000000e+00
1.51435631e-12,0.00000000e+00
1.51964850e-12,0.00000000e+00
1.52176436e-12,0.00000000e+00
1.52650342e-12,0.00000000e+00
1.52979955e-12,0.00000000e+00
1.53173510e-12,0.00000000e+00
1.53784298e-12,0.00000000e+00
1.54309464e-12,0.00000000e+00
1.54633056e-12,0.00000000e+00
1.54930974e-12,0.00000000e+00
1.55479953e-12,0.00000000e+00
1.55960213e-12,0.00000000e+00
1.56434962e-12,0.00000000e+00
1.57038551e-12,0.00000000e+00
1.57696303e-12,0.00000000e+00
1.58109536e-12,0.00000000e+00
1.58571007e-12,0.00000000e+00
1.59063541e-12,0.00000000e+00
1.59347023e-12,0.00000000e+00
1.59971972e-12,0.00000000e+00
1.60310681e-12,0.00000000e+00
1.60558055e-12,0.00000000e+00
1.61070227e-12,0.00000000e+00
1.61619545e-12,0.00000000e+00
1.62065548e-12,0.00000000e+00
1.62604861e-12,0.00000000e+00
1.62895079e-12,0.00000000e+00
1.63499497e-12,0.00000000e+00
1.63726985e-12,0.00000000e+00
1.64125690e-12,0.00000000e+00
1.64658564e-12,0.00000000e+00
1.64928728e-12,0.00000000e+00
1.65618920e-12,0.00000000e+00
1.66108544e-12,0.00000000e+00
1.66479181e-12,0.00000000e+00
1.67052123e-12,0.00000000e+00
1.67601656e-12,0.00000000e+00
1.67983028e-12,0.00000000e+00
1.68555458e-12,0.00000000e+00
1.68837227e-12,0.00000000e+00
1.69128938e-12,0.00000000e+00
1.69470327e-12,0.00000000e+00
1.70242902e-12,0.00000000e+00
1.70605554e-12,0.00000000e+00
1.71022951e-12,0.00000000e+00
1.71504904e-12,0.00000000e+00
1.71754085e-12,0.00000000e+00
1.72209117e-12,0.00000000e+00
1.72814887e-12,0.00000000e+00
1.73459419e-12,0.00000000e+00
1.74106334e-12,0.00000000e+00
1.74532865e-12,0.00000000e+00
1.74942124e-12,0.00000000e+00
1.75485874e-12,0.00000000e+00
1.75712468e-12,0.00000000e+00
1.76286713e-12,0.00000000e+00
1.76914662e-12,0.00000000e+00
1.77373478e-12,0.00000000e+00
1.77695787e-12,0.00000000e+00
1.77833868e-12,0.00000000e+00
1.78369596e-12,0.00000000e+00
1.78818711e-12,0.00000000e+00
1.79118592e-12,0.00000000e+00
1.79337782e-12,0.00000000e+00
1.79530659e-12,0.00000000e+00
1.80001143e-12,0.00000000e+00
1.80580104e-12,0.00000000e+00
1.80855871e-12,0.00000000e+00
1.81432386e-12,0.00000000e+00
1.81771924e-12,0.00000000e+00
1.82239605e-12,0.00000000e+00
1.82581622e-12,0.00000000e+00
1.83287743e-12,0.00000000e+00
1.83790048e-12,0.00000000e+00
1.84522083e-12,0.00000000e+00
1.85447091e-12,0.00000000e+00
1.85592653e-12,0.00000000e+00
1.86579349e-12,0.00000000e+00
1.87150758e-12,0.00000000e+00
1.87966683e-12,0.00000000e+00
1.88820071e-12,0.00000000e+00
1.89322193e-12,0.00000000e+00
1.89673176e-12,0.00000000e+00
1.90219040e-12,0.00000000e+00
1.90980757e-12,0.00000000e+00
1.91611577e-12,0.00000000e+00
1.92333105e-12,0.00000000e+00
1.93015873e-12,0.00000000e+00
1.93808473e-12,0.00000000e+00
1.94613006e-12,0.00000000e+00
1.95342888e-12,0.00000000e+00
1.95964547e-12,0.00000000e+00
1.96264568e-12,0.00000000e+00
1.97135286e-12,0.00000000e+00
1.97998736e-12,0.00000000e+00
1.98695336e-12,0.00000000e+00
1.99399739e-12,0.00000000e+00
1.99588125e-12,0.00000000e+00
2.00181643e-12,0.00000000e+00
2.00738714e-12,0.00000000e+00
2.01060431e-12,0.00000000e+00
2.01597407e-12,0.00000000e+00
2.02725040e-12,0.00000000e+00
2.03309174e-12,0.00000000e+00
2.03985628e-12,0.00000000e+00
2.04180613e-12,0.00000000e+00
2.04916674e-12,0.00000000e+00
2.05847014e-12,0.00000000e+00
2.06265986e-12,0.00000000e+00
2.07209976e-12,0.00000000e+00
2.07448309e-12,0.00000000e+00
2.07612762e-12,0.00000000e+00
2.08372861e-12,0.00000000e+00
2.08728408e-12,0.00000000e+00
2.09591179e-12,0.00000000e+00
2.10066949e-12,0.00000000e+00
2.10718876e-12,0.00000000e+00
2.11335378e-12,0.00000000e+00
2.12185452e-12,0.00000000e+00
2.12979101e-12,0.00000000e+00
2.13726597e-12,0.00000000e+00
2.14519690e-12,0.00000000e+00
2.15451390e-12,0.00000000e+00
2.16272946e-12,0.00000000e+00
2.17077663e-12,0.00000000e+00
2.17778255e-12,0.00000000e+00
2.18529189e-12,0.00000000e+00
2.19535989e-12,0.00000000e+00
2.19821647e-12,0.00000000e+00
2.20543088e-12,0.00000000e+00
2.21453613e-12,0.00000000e+00
2.22329092e-12,0.00000000e+00
2.22984705e-12,0.00000000e+00
2.23697020e-12,0.00000000e+00
2.24180726e-12,0.00000000e+00
2.25105182e-12,0.00000000e+00
2.25855456e-12,0.00000000e+00
2.26398025e-12,0.00000000e+00
2.26918012e-12,0.00000000e+00
2.27485069e-12,0.00000000e+00
2.28050067e-12,0.00000000e+00
2.28775940e-12,0.00000000e+00
2.29592266e-12,0.00000000e+00
2.30206595e-12,0.00000000e+00
2.30974034e-12,0.00000000e+00
2.31712917e-12,0.00000000e+00
2.32289374e-12,0.00000000e+00
2.32981698e-12,0.00000000e+00
2.33955915e-12,0.00000000e+00
2.34600400e-12,0.00000000e+00
2.35069964e-12,0.00000000e+00
2.35646072e-12,0.00000000e+00
2.35946039e-12,0.00000000e+00
2.36615586e-12,0.00000000e+00
2.36908427e-12,0.00000000e+00
2.37654274e-12,0.00000000e+00
2.38137294e-12,0.00000000e+00
2.38659716e-12,0.00000000e+00
2.38814446e-12,0.00000000e+00
2.39810072e-12,0.00000000e+00
2.40557597e-12,0.00000000e+00
2.41553249e-12,0.00000000e+00
2.42291226e-12,0.00000000e+00
2.42768634e-12,0.00000000e+00
2.43898019e-12,0.00000000e+00
2.44408007e-12,0.00000000e+00
2.45080803e-12,0.00000000e+00
2.45629339e-12,0.00000000e+00
2.46337560e-12,0.00000000e+00
2.47709738e-12,0.00000000e+00
2.47936563e-12,0.00000000e+00
2.48510724e-12,0.00000000e+00
2.48658218e-12,0.00000000e+00
2.49276797e-12,0.00000000e+00
2.49996147e-12,0.00000000e+00
2.50478959e-12,0.00000000e+00
2.50997579e-12,0.00000000e+00
2.51818175e-12,0.00000000e+00
2.52723594e-12,0.00000000e+00
2.53210340e-12,0.00000000e+00
2.53808429e-12,0.00000000e+00
2.54191119e-12,0.00000000e+00
2.54962768e-12,0.00000000e+00
2.56188683e-12,0.00000000e+00
2.57187851e-12,0.00000000e+00
2.57931493e-12,0.00000000e+00
2.58588563e-12,0.00000000e+00
2.59320948e-12,0.00000000e+00
2.59821429e-12,0.00000000e+00
2.60187893e-12,0.00000000e+00
2.60939863e-12,0.00000000e+00
2.61375485e-12,0.00000000e+00
2.62329771e-12,0.00000000e+00
2.63010567e-12,0.00000000e+00
2.63490555e-12,0.00000000e+00
2.63795799e-12,0.00000000e+00
2.64454220e-12,0.00000000e+00
2.65155149e-12,0.00000000e+00
2.66192856e-12,0.00000000e+00
2.67481960e-12,0.00000000e+00
2.67980937e-12,0.00000000e+00
2.68688024e-12,0.00000000e+00
2.69284890e-12,0.00000000e+00
2.70091967e-12,0.00000000e+00
2.70852377e-12,0.00000000e+00
2.71231696e-12,0.00000000e+00
2.71594427e-12,0.00000000e+00
2.72461365e-12,0.00000000e+00
2.73053010e-12,0.00000000e+00
2.73695393e-12,0.00000000e+00
2.74254218e-12,0.00000000e+00
2.74919487e-12,0.00000000e+00
2.75508061e-12,0.00000000e+00
2.75809921e-12,0.00000000e+00
2.76208002e-12,0.00000000e+00
2.77012975e-12,0.00000000e+00
2.77838464e-12,0.00000000e+00
2.78096749e-12,0.00000000e+00
2.78906164e-12,0.00000000e+00
2.79347807e-12,0.00000000e+00
2.79471244e-12,0.00000000e+00
2.80419157e-12,0.00000000e+00
2.81202509e-12,0.00000000e+00
2.81578498e-12,0.00000000e+00
2.82268319e-12,0.00000000e+00
2.82863796e-12,0.00000000e+00
2.83116308e-12,0.00000000e+00
2.83764183e-12,0.00000000e+00
2.84446442e-12,0.00000000e+00
2.85504921e-12,0.00000000e+00
2.85965124e-12,0.00000000e+00
2.86715907e-12,0.00000000e+00
2.87073780e-12,0.00000000e+00
2.87793101e-12,0.00000000e+00
2.88611486e-12,0.00000000e+00
2.89385527e-12,0.00000000e+00
2.89915740e-12,0.00000000e+00
2.90708768e-12,0.00000000e+00
2.91433174e-12,0.00000000e+00
2.92089408e-12,0.00000000e+00
2.92687066e-12,0.00000000e+00
2.93483586e-12,0.00000000e+00
2.93981745e-12,0.00000000e+00
2.94634133e-12,0.00000000e+00
2.94972651e-12,0.00000000e+00
2.95723499e-12,0.00000000e+00
2.96365789e-12,0.00000000e+00
2.97188139e-12,2.00000000e-02
2.97984568e-12,2.00000000e-02
2.98860906e-12,2.00000000e-02
2.99565845e-12,2.00000000e-02
3.00203521e-12,2.00000000e-02
3.00968204e-12,2.00000000e-02
3.01688280e-12,2.00000000e-02
3.02232580e-12,2.00000000e-02
3.03273257e-12,2.00000000e-02
3.03731994e-12,2.00000000e-02
3.04391709e-12,2.00000000e-02
3.05303140e-12,2.00000000e-02
3.06007971e-12,2.00000000e-02
3.06029802e-12,2.00000000e-02
3.06660877e-12,2.00000000e-02
3.07583536e-12,2.00000000e-02
3.08140887e-12,2.00000000e-02
3.08692234e-12,2.00000000e-02
3.09328285e-12,2.00000000e-02
3.09654691e-12,2.00000000e-02
3.10218920e-12,2.00000000e-02
3.10503057e-12,2.00000000e-02
3.11283301e-12,2.00000000e-02
3.12214395e-12,2.00000000e-02
3.12800087e-12,2.00000000e-02
3.13685108e-12,2.00000000e-02
3.14466203e-12,2.00000000e-02
3.15116758e-12,2.00000000e-02
3.15931960e-12,2.00000000e-02
3.16533860e-12,2.00000000e-02
3.17205007e-12,2.00000000e-02
3.17733876e-12,2.00000000e-02
3.18176041e-12,2.00000000e-02
3.19008302e-12,2.00000000e-02
3.19612454e-12,2.00000000e-02
3.20243565e-12,2.00000000e-02
3.21251538e-12,2.00000000e-02
3.21833233e-12,2.00000000e-02
3.22398074e-12,2.00000000e-02
3.22729124e-12,2.00000000e-02
3.23572081e-12,2.00000000e-02
3.24419386e-12,2.00000000e-02
3.24966958e-12,2.00000000e-02
3.25272104e-12,2.00000000e-02
3.25841499e-12,2.00000000e-02
3.26609922e-12,2.00000000e-02
3.26923314e-12,2.00000000e-02
3.27583434e-12,2.00000000e-02
3.28236355e-12,2.00000000e-02
3.28872707e-12,2.00000000e-02
3.29300424e-12,0.00000000e+00
3.29961853e-12,0.00000000e+00
3.30571475e-12,0.00000000e+00
3.30601401e-12,0.00000000e+00
3.32519988e-12,0.00000000e+00
3.33486226e-12,0.00000000e+00
3.34592492e-12,0.00000000e+00
3.35259100e-12,0.00000000e+00
3.36278204e-12,0.00000000e+00
3.37084472e-12,0.00000000e+00
3.39210259e-12,0.00000000e+00
3.40354795e-12,0.00000000e+00
3.40794164e-12,0.00000000e+00
3.40800718e-12,0.00000000e+00
3.42610792e-12,0.00000000e+00
3.44275143e-12,0.00000000e+00
3.45580882e-12,0.00000000e+00
3.47012970e-12,0.00000000e+00
3.48359617e-12,0.00000000e+00
3.49261979e-12,0.00000000e+00
3.50224025e-12,0.00000000e+00
3.52297700e-12,0.00000000e+00
3.54193689e-12,0.00000000e+00
3.55944879e-12,0.00000000e+00
3.56941651e-12,0.00000000e+00
3.57753814e-12,0.00000000e+00
3.59198924e-12,0.00000000e+00
3.60558360e-12,0.00000000e+00
3.61866150e-12,0.00000000e+00
3.63004478e-12,0.00000000e+00
3.64597009e-12,0.00000000e+00
3.65530383e-12,0.00000000e+00
3.66221443e-12,0.00000000e+00
3.67277822e-12,0.00000000e+00
3.68058626e-12,0.00000000e+00
3.69605334e-12,0.00000000e+00
3.70627665e-12,0.00000000e+00
3.71666548e-12,0.00000000e+00
3.72864588e-12,0.00000000e+00
3.75245652e-12,0.00000000e+00
3.76325196e-12,0.00000000e+00
3.77086471e-12,0.00000000e+00
3.78295368e-12,0.00000000e+00
3.79455897e-12,0.00000000e+00
3.81253468e-12,0.00000000e+00
3.82113461e-12,0.00000000e+00
3.83652683e-12,0.00000000e+00
3.84953125e-12,0.00000000e+00
3.86042539e-12,0.00000000e+00
3.87783534e-12,0.00000000e+00
3.89191505e-12,0.00000000e+00
3.90389670e-12,0.00000000e+00
3.91917050e-12,0.00000000e+00
3.92763999e-12,0.00000000e+00
3.94295531e-12,0.00000000e+00
3.95220689e-12,0.00000000e+00
3.96973316e-12,0.00000000e+00
3.98245953e-12,0.00000000e+00
3.99142481e-12,0.00000000e+00
4.00682738e-12,0.00000000e+00
4.01726704e-12,0.00000000e+00
4.02582981e-12,0.00000000e+00
4.04129715e-12,0.00000000e+00
4.05218104e-12,0.00000000e+00
4.06184595e-12,0.00000000e+00
4.07914077e-12,0.00000000e+00
4.08894794e-12,0.00000000e+00
4.10149560e-12,0.00000000e+00
4.11133208e-12,0.00000000e+00
4.12587935e-12,0.00000000e+00
4.14000962e-12,0.00000000e+00
4.15299723e-12,0.00000000e+00
4.16854821e-12,0.00000000e+00
4.18940950e-12,0.00000000e+00
4.19686089e-12,0.00000000e+00
4.20790302e-12,0.00000000e+00
4.21960936e-12,0.00000000e+00
4.23212076e-12,0.00000000e+00
4.24360304e-12,0.00000000e+00
4.25312057e-12,0.00000000e+00
4.26499215e-12,0.00000000e+00
4.27765866e-12,0.00000000e+00
4.28921699e-12,0.00000000e+00
4.29705856e-12,0.00000000e+00
4.30822704e-12,0.00000000e+00
4.32426303e-12,0.00000000e+00
4.33935792e-12,0.00000000e+00
4.35294783e-12,0.00000000e+00
4.35600625e-12,0.00000000e+00
4.36888938e-12,0.00000000e+00
4.37536301e-12,0.00000000e+00
4.39435956e-12,0.00000000e+00
4.40536093e-12,0.00000000e+00
4.40933983e-12,0.00000000e+00
4.41814926e-12,0.00000000e+00
4.43290249e-12,0.00000000e+00
4.45755282e-12,0.00000000e+00
4.47289519e-12,0.00000000e+00
4.48427150e-12,0.00000000e+00
4.49683030e-12,0.00000000e+00
4.50782888e-12,0.00000000e+00
4.52366334e-12,0.00000000e+00
4.53248394e-12,0.00000000e+00
4.54551408e-12,0.00000000e+00
4.55766895e-12,0.00000000e+00
4.56435942e-12,0.00000000e+00
4.57876183e-12,0.00000000e+00
4.58859617e-12,0.00000000e+00
4.60270899e-12,0.00000000e+00
4.61987297e-12,0.00000000e+00
4.62740260e-12,0.00000000e+00
4.63971734e-12,0.00000000e+00
4.65855098e-12,0.00000000e+00
4.67578534e-12,0.00000000e+00
4.68124442e-12,0.00000000e+00
4.69588815e-12,0.00000000e+00
4.69687758e-12,0.00000000e+00
4.70627518e-12,0.00000000e+00
4.71529844e-12,0.00000000e+00
4.72599688e-12,0.00000000e+00
4.74167670e-12,0.00000000e+00
4.75664646e-12,0.00000000e+00
4.76853581e-12,0.00000000e+00
4.78388047e-12,0.00000000e+00
4.79927474e-12,0.00000000e+00
4.80240948e-12,0.00000000e+00
4.81432054e-12,0.00000000e+00
4.82739287e-12,0.00000000e+00
4.83768724e-12,0.00000000e+00
4.85204994e-12,0.00000000e+00
4.86751533e-12,0.00000000e+00
4.87680866e-12,0.00000000e+00
4.88771895e-12,0.00000000e+00
4.89780615e-12,0.00000000e+00
4.91239730e-12,0.00000000e+00
4.92479036e-12,0.00000000e+00
4.93710413e-12,0.00000000e+00
4.95474791e-12,0.00000000e+00
4.97242094e-12,0.00000000e+00
4.98405451e-12,0.00000000e+00
4.99576381e-12,0.00000000e+00
5.00503080e-12,0.00000000e+00
5.01817192e-12,0.00000000e+00
5.03381849e-12,0.00000000e+00
5.04144008e-12,0.00000000e+00
5.05794648e-12,0.00000000e+00
5.06491059e-12,0.00000000e+00
5.07492173e-12,0.00000000e+00
5.08143019e-12,0.00000000e+00
5.09198916e-12,0.00000000e+00
5.10590110e-12,0.00000000e+00
5.11486829e-12,0.00000000e+00
5.13663199e-12,0.00000000e+00
5.14778291e-12,0.00000000e+00
5.16585673e-12,0.00000000e+00
5.17996080e-12,0.00000000e+00
5.19111025e-12,0.00000000e+00
5.19908207e-12,0.00000000e+00
5.21081883e-12,0.00000000e+00
5.23254069e-12,0.00000000e+00
5.24549879e-12,0.00000000e+00
5.25641956e-12,0.00000000e+00
5.26642357e-12,0.00000000e+00
5.28353134e-12,0.00000000e+00
5.29298588e-12,0.00000000e+00
5.30724013e-12,0.00000000e+00
5.31753196e-12,0.00000000e+00
5.33242616e-12,0.00000000e+00
5.34424372e-12,0.00000000e+00
5.35743665e-12,0.00000000e+00
5.36735508e-12,0.00000000e+00
5.38117814e-12,0.00000000e+00
5.39386757e-12,0.00000000e+00
5.40109592e-12,0.00000000e+00
5.41302686e-12,0.00000000e+00
5.42680112e-12,0.00000000e+00
5.43290836e-12,0.00000000e+00
5.44660052e-12,0.00000000e+00
5.45469725e-12,0.00000000e+00
5.46057281e-12,0.00000000e+00
5.46977159e-12,0.00000000e+00
5.47818153e-12,0.00000000e+00
5.48680204e-12,0.00000000e+00
5.50026249e-12,0.00000000e+00
5.50891034e-12,0.00000000e+00
5.52380900e-12,0.00000000e+00
5.54185583e-12,0.00000000e+00
5.55711921e-12,0.00000000e+00
5.57184766e-12,0.00000000e+00
5.58921306e-12,0.00000000e+00
5.60480985e-12,0.00000000e+00
5.62081195e-12,0.00000000e+00
5.62966875e-12,0.00000000e+00
5.64469060e-12,0.00000000e+00
5.65961160e-12,0.00000000e+00
5.66823040e-12,0.00000000e+00
5.68163055e-12,0.00000000e+00
5.68796132e-12,0.00000000e+00
5.69556175e-12,0.00000000e+00
5.71158316e-12,0.00000000e+00
5.72208761e-12,0.00000000e+00
5.74207101e-12,0.00000000e+00
5.75151718e-12,0.00000000e+00
5.76444670e-12,0.00000000e+00
5.77130749e-12,0.00000000e+00
5.78360899e-12,0.00000000e+00
5.79621170e-12,0.00000000e+00
5.81258368e-12,0.00000000e+00
5.83248240e-12,0.00000000e+00
5.84158956e-12,0.00000000e+00
5.85216960e-12,0.00000000e+00
5.85934285e-12,0.00000000e+00
5.86778440e-12,0.00000000e+00
5.87452217e-12,0.00000000e+00
5.87947665e-12,0.00000000e+00
5.89096346e-12,0.00000000e+00
5.90205568e-12,0.00000000e+00
5.91573816e-12,0.00000000e+00
5.92659932e-12,0.00000000e+00
5.94376240e-12,0.00000000e+00
5.95527299e-12,0.00000000e+00
5.96535425e-12,0.00000000e+00
5.98362987e-12,0.00000000e+00
5.98952705e-12,0.00000000e+00
6.00363455e-12,0.00000000e+00
6.01670298e-12,0.00000000e+00
6.03636439e-12,0.00000000e+00
6.04535338e-12,0.00000000e+00
6.05197751e-12,0.00000000e+00
6.06093472e-12,0.00000000e+00
6.07502415e-12,0.00000000e+00
6.08586389e-12,0.00000000e+00
6.10062713e-12,0.00000000e+00
6.11345481e-12,0.00000000e+00
6.12611870e-12,0.00000000e+00
6.13900674e-12,0.00000000e+00
6.15102750e-12,0.00000000e+00
6.15884365e-12,0.00000000e+00
6.17052742e-12,0.00000000e+00
6.18994191e-12,0.00000000e+00
6.20423609e-12,0.00000000e+00
6.22066492e-12,0.00000000e+00
6.22514361e-12,0.00000000e+00
6.24338225e-12,0.00000000e+00
6.25929437e-12,0.00000000e+00
6.27573985e-12,0.00000000e+00
6.28846903e-12,0.00000000e+00
6.29942382e-12,0.00000000e+00
6.31547628e-12,0.00000000e+00
6.32450292e-12,0.00000000e+00
6.34321967e-12,0.00000000e+00
6.35993246e-12,0.00000000e+00
6.37695781e-12,0.00000000e+00
6.38597955e-12,0.00000000e+00
6.39803922e-12,0.00000000e+00
6.40882510e-12,0.00000000e+00
6.41910830e-12,0.00000000e+00
6.42635505e-12,0.00000000e+00
6.43909866e-12,0.00000000e+00
6.44736804e-12,0.00000000e+00
6.45321059e-12,0.00000000e+00
6.46647050e-12,0.00000000e+00
6.48042103e-12,0.00000000e+00
6.49069567e-12,0.00000000e+00
6.49902544e-12,0.00000000e+00
6.50087018e-12,0.00000000e+00
6.51801671e-12,0.00000000e+00
6.52086342e-12,0.00000000e+00
6.53864686e-12,0.00000000e+00
6.54981740e-12,0.00000000e+00
6.56364028e-12,0.00000000e+00
6.57897643e-12,0.00000000e+00
6.59434276e-12,0.00000000e+00
6.60140470e-12,0.00000000e+00
6.60512891e-12,0.00000000e+00
6.62291076e-12,0.00000000e+00
6.63459641e-12,0.00000000e+00
6.64581103e-12,0.00000000e+00
6.65722445e-12,0.00000000e+00
6.67322279e-12,0.00000000e+00
6.68805978e-12,0.00000000e+00
6.70522683e-12,0.00000000e+00
6.70770472e-12,0.00000000e+00
6.72299617e-12,0.00000000e+00
6.74368459e-12,0.00000000e+00
6.75687437e-12,0.00000000e+00
6.77242459e-12,0.00000000e+00
6.78450299e-12,0.00000000e+00
6.80317175e-12,0.00000000e+00
6.81405478e-12,0.00000000e+00
6.82259412e-12,0.00000000e+00
6.83178052e-12,0.00000000e+00
6.84312726e-12,0.00000000e+00
6.85841531e-12,0.00000000e+00
6.87024170e-12,0.00000000e+00
6.88298560e-12,0.00000000e+00
6.89898868e-12,0.00000000e+00
6.91104808e-12,0.00000000e+00
6.92440549e-12,0.00000000e+00
6.93581758e-12,0.00000000e+00
6.94239142e-12,0.00000000e+00
6.95905542e-12,0.00000000e+00
6.97263749e-12,0.00000000e+00
6.98330704e-12,0.00000000e+00
6.99875108e-12,0.00000000e+00
7.01117382e-12,0.00000000e+00
7.03276218e-12,0.00000000e+00
7.04819951e-12,0.00000000e+00
7.05585903e-12,0.00000000e+00
7.07362226e-12,0.00000000e+00
7.08318870e-12,0.00000000e+00
7.09577806e-12,0.00000000e+00
7.11431637e-12,0.00000000e+00
7.12791212e-12,0.00000000e+00
7.13882174e-12,0.00000000e+00
7.14485483e-12,0.00000000e+00
7.15239029e-12,0.00000000e+00
7.17142837e-12,0.00000000e+00
7.18332200e-12,0.00000000e+00
7.19307100e-12,0.00000000e+00
7.20690630e-12,0.00000000e+00
7.21985664e-12,0.00000000e+00
7.23650350e-12,0.00000000e+00
7.24576411e-12,0.00000000e+00
7.25969573e-12,0.00000000e+00
7.26739181e-12,0.00000000e+00
7.27656599e-12,0.00000000e+00
7.29098600e-12,0.00000000e+00
7.29335618e-12,0.00000000e+00
7.30392777e-12,0.00000000e+00
7.31503411e-12,0.00000000e+00
7.32271763e-12,0.00000000e+00
7.33264935e-12,0.00000000e+00
7.34878208e-12,0.00000000e+00
7.35655622e-12,0.00000000e+00
7.37031719e-12,0.00000000e+00
7.37690225e-12,0.00000000e+00
7.38942605e-12,0.00000000e+00
7.39586713e-12,0.00000000e+00
7.41515552e-12,0.00000000e+00
7.42836091e-12,0.00000000e+00
7.43615646e-12,0.00000000e+00
7.44635847e-12,0.00000000e+00
7.45734322e-12,0.00000000e+00
7.46446940e-12,0.00000000e+00
7.47786925e-12,0.00000000e+00
7.49307459e-12,0.00000000e+00
7.49629791e-12,0.00000000e+00
7.51043032e-12,0.00000000e+00
7.52282812e-12,0.00000000e+00
7.52806670e-12,0.00000000e+00
7.53906020e-12,0.00000000e+00
7.55184489e-12,0.00000000e+00
7.56954332e-12,0.00000000e+00
7.58563617e-12,0.00000000e+00
7.59325124e-12,0.00000000e+00
7.60862475e-12,0.00000000e+00
7.62180547e-12,0.00000000e+00
7.63076298e-12,0.00000000e+00
7.64017374e-12,0.00000000e+00
7.64651457e-12,0.00000000e+00
7.65647172e-12,0.00000000e+00
7.66514565e-12,0.00000000e+00
7.67595468e-12,0.00000000e+00
7.68640956e-12,0.00000000e+00
7.69803458e-12,0.00000000e+00
7.70808854e-12,0.00000000e+00
7.72803799e-12,0.00000000e+00
7.74621986e-12,0.00000000e+00
7.76005260e-12,0.00000000e+00
7.76843340e-12,0.00000000e+00
7.78403352e-12,0.00000000e+00
7.79468555e-12,0.00000000e+00
7.80953860e-12,0.00000000e+00
7.81696134e-12,0.00000000e+00
7.82270962e-12,0.00000000e+00
7.84018784e-12,0.00000000e+00
7.85607095e-12,0.00000000e+00
7.87277234e-12,0.00000000e+00
7.89264418e-12,0.00000000e+00
7.90084410e-12,0.00000000e+00
7.91975353e-12,0.00000000e+00
7.93178847e-12,0.00000000e+00
7.94136715e-12,0.00000000e+00
7.95415088e-12,0.00000000e+00
7.95859969e-12,0.00000000e+00
7.97180031e-12,0.00000000e+00
7.98648449e-12,0.00000000e+00
8.00071130e-12,0.00000000e+00
8.01564756e-12,0.00000000e+00
8.03471907e-12,0.00000000e+00
8.04525499e-12,0.00000000e+00
8.05788056e-12,0.00000000e+00
8.07623043e-12,0.00000000e+00
8.08286783e-12,0.00000000e+00
8.09311377e-12,0.00000000e+00
8.10617800e-12,0.00000000e+00
8.11701236e-12,0.00000000e+00
8.12847915e-12,0.00000000e+00
8.14360140e-12,0.00000000e+00
8.15720517e-12,0.00000000e+00
8.16521360e-12,0.00000000e+00
8.17639797e-12,0.00000000e+00
8.18897056e-12,0.00000000e+00
8.19611903e-12,0.00000000e+00
8.20904279e-12,0.00000000e+00
8.21615328e-12,0.00000000e+00
8.22339467e-12,0.00000000e+00
8.23768065e-12,0.00000000e+00
8.25796826e-12,0.00000000e+00
8.26662983e-12,0.00000000e+00
8.27893136e-12,0.00000000e+00
8.29207794e-12,0.00000000e+00
8.30452347e-12,0.00000000e+00
8.32383647e-12,0.00000000e+00
8.33454598e-12,0.00000000e+00
8.34918236e-12,0.00000000e+00
8.35854065e-12,0.00000000e+00
8.36655626e-12,0.00000000e+00
8.37114028e-12,0.00000000e+00
8.38110911e-12,0.00000000e+00
8.38925434e-12,0.00000000e+00
8.39406828e-12,0.00000000e+00
8.40752937e-12,0.00000000e+00
8.42254546e-12,0.00000000e+00
8.43794112e-12,0.00000000e+00
8.44600653e-12,0.00000000e+00
8.46434781e-12,0.00000000e+00
8.47225085e-12,0.00000000e+00
8.48257098e-12,0.00000000e+00
8.49726769e-12,0.00000000e+00
8.50674902e-12,0.00000000e+00
