0.00000000e+00,2.04820000e+02
7.73999939e-16,1.94120000e+02
1.33765976e-15,1.87140000e+02
2.14613673e-15,1.76640000e+02
3.76529489e-15,1.56320000e+02
5.35830103e-15,1.37240000e+02
6.19760477e-15,1.27800000e+02
7.85277143e-15,1.10020000e+02
9.25578142e-15,9.60800000e+01
1.08534905e-14,8.17000000e+01
1.22875324e-14,7.24600000e+01
1.29234761e-14,6.87000000e+01
1.37454858e-14,6.39800000e+01
1.47018288e-14,5.90400000e+01
1.62207250e-14,5.19800000e+01
1.77903328e-14,4.59800000e+01
1.89662750e-14,4.20600000e+01
2.03391797e-14,3.73800000e+01
2.16684464e-14,3.33200000e+01
2.23036442e-14,3.13400000e+01
2.30520856e-14,2.95800000e+01
2.42950245e-14,2.71400000e+01
2.55508345e-14,2.50400000e+01
2.68897629e-14,2.32000000e+01
2.83733839e-14,2.05600000e+01
2.98547290e-14,1.83000000e+01
3.16377948e-14,1.57400000e+01
3.21271989e-14,1.51600000e+01
3.37804183e-14,1.32600000e+01
3.60848553e-14,1.10200000e+01
3.79689525e-14,9.34000000e+00
3.95498469e-14,8.28000000e+00
4.12144727e-14,7.14000000e+00
4.27272161e-14,6.24000000e+00
4.29570975e-14,6.18000000e+00
4.40428530e-14,5.76000000e+00
4.55071101e-14,5.14000000e+00
4.69075039e-14,4.74000000e+00
4.87235224e-14,4.30000000e+00
5.09773719e-14,3.66000000e+00
5.21294356e-14,3.42000000e+00
5.38001625e-14,3.06000000e+00
5.52635021e-14,2.84000000e+00
5.65528966e-14,2.62000000e+00
5.83624049e-14,2.30000000e+00
6.01775125e-14,2.08000000e+00
6.21897458e-14,1.64000000e+00
6.28259899e-14,1.58000000e+00
6.37893450e-14,1.54000000e+00
6.56405607e-14,1.38000000e+00
6.76401360e-14,1.14000000e+00
6.86323744e-14,1.10000000e+00
7.09960432e-14,9.40000000e-01
7.30760125e-14,8.20000000e-01
7.46691141e-14,7.40000000e-01
7.68015083e-14,6.20000000e-01
7.95892323e-14,5.40000000e-01
8.30106808e-14,4.20000000e-01
8.52222697e-14,3.60000000e-01
8.61644347e-14,3.40000000e-01
8.92908789e-14,3.00000000e-01
9.21083753e-14,2.60000000e-01
9.50053698e-14,2.40000000e-01
9.67182538e-14,2.20000000e-01
9.88952073e-14,2.20000000e-01
1.02217942e-13,1.80000000e-01
1.02249440e-13,1.80000000e-01
1.05107364e-13,1.80000000e-01
1.07214925e-13,1.80000000e-01
1.09384366e-13,1.80000000e-01
1.11965037e-13,1.60000000e-01
1.14262673e-13,1.40000000e-01
1.15598851e-13,1.20000000e-01
1.18633973e-13,1.20000000e-01
1.21409197e-13,1.20000000e-01
1.24301303e-13,1.00000000e-01
1.27906724e-13,1.00000000e-01
1.31363851e-13,1.00000000e-01
1.32905930e-13,1.00000000e-01
1.35023020e-13,1.00000000e-01
1.38175188e-13,1.00000000e-01
1.40105711e-13,1.00000000e-01
1.42548171e-13,8.00000000e-02
1.45426947e-13,8.00000000e-02
1.46394690e-13,8.00000000e-02
1.49014654e-13,8.00000000e-02
1.50878091e-13,6.00000000e-02
1.54370412e-13,4.00000000e-02
1.57824576e-13,2.00000000e-02
1.62352680e-13,2.00000000e-02
1.65322901e-13,2.00000000e-02
1.69499083e-13,2.00000000e-02
1.73262512e-13,2.00000000e-02
1.76215079e-13,2.00000000e-02
1.78729333e-13,2.00000000e-02
1.84625186e-13,2.00000000e-02
1.86837929e-13,2.00000000e-02
1.90469634e-13,2.00000000e-02
1.95433747e-13,2.00000000e-02
1.99179649e-13,2.00000000e-02
2.01458843e-13,2.00000000e-02
2.04134389e-13,2.00000000e-02
2.07151545e-13,2.00000000e-02
2.09436522e-13,2.00000000e-02
2.12279675e-13,2.00000000e-02
2.16388526e-13,2.00000000e-02
2.19927846e-13,2.00000000e-02
2.23591454e-13,2.00000000e-02
2.27808619e-13,2.00000000e-02
2.30099727e-13,2.00000000e-02
2.34394741e-13,2.00000000e-02
2.37573597e-13,2.00000000e-02
2.40804610e-13,2.00000000e-02
2.44421730e-13,2.00000000e-02
2.48737431e-13,2.00000000e-02
2.54149573e-13,2.00000000e-02
2.57854176e-13,2.00000000e-02
2.60689340e-13,2.00000000e-02
2.65098775e-13,2.00000000e-02
2.69505515e-13,2.00000000e-02
2.71431727e-13,0.00000000e+00
3.09278424e-13,0.00000000e+00
3.49374643e-13,0.00000000e+00
3.71228351e-13,0.00000000e+00
3.89806536e-13,0.00000000e+00
4.23562587e-13,0.00000000e+00
