0.00000000e+00,3.96160000e+02
1.67409707e-15,3.84220000e+02
2.93618499e-15,3.74800000e+02
3.92294741e-15,3.67420000e+02
5.38734581e-15,3.56680000e+02
6.96399791e-15,3.44420000e+02
7.98414580e-15,3.37880000e+02
9.34202687e-15,3.30180000e+02
1.04906808e-14,3.23940000e+02
1.24711539e-14,3.10960000e+02
1.34075129e-14,3.09640000e+02
1.47611351e-14,3.04200000e+02
1.60505672e-14,2.96900000e+02
1.66026851e-14,2.99040000e+02
1.77086467e-14,2.93080000e+02
1.85158633e-14,2.90540000e+02
1.93937271e-14,2.87380000e+02
2.09391679e-14,2.80360000e+02
2.17333150e-14,2.79820000e+02
2.24058166e-14,2.78660000e+02
2.39192172e-14,2.72040000e+02
2.52820499e-14,2.67220000e+02
2.67092653e-14,2.63960000e+02
2.78162595e-14,2.63000000e+02
2.92220044e-14,2.57860000e+02
3.07236676e-14,2.54100000e+02
3.17294791e-14,2.52360000e+02
3.30037860e-14,2.46860000e+02
3.42636299e-14,2.45020000e+02
3.59050398e-14,2.39700000e+02
3.74202274e-14,2.38620000e+02
3.81024118e-14,2.39300000e+02
3.86232995e-14,2.42760000e+02
3.96047897e-14,2.43340000e+02
4.11036337e-14,2.38040000e+02
4.19282125e-14,2.38540000e+02
4.24748605e-14,2.41800000e+02
4.38426936e-14,2.38400000e+02
4.52003804e-14,2.37240000e+02
4.65872807e-14,2.33960000e+02
4.76033395e-14,2.35120000e+02
4.87368357e-14,2.31380000e+02
4.99477040e-14,2.30040000e+02
5.16225135e-14,2.28040000e+02
5.33344923e-14,2.23580000e+02
5.50613783e-14,2.20800000e+02
5.62603909e-14,2.19120000e+02
5.76865714e-14,2.16460000e+02
5.88652953e-14,2.16080000e+02
6.06221398e-14,2.11420000e+02
6.16910296e-14,2.09120000e+02
6.46454448e-14,2.00500000e+02
6.63876300e-14,1.95400000e+02
6.76709677e-14,1.93240000e+02
6.93121361e-14,1.88860000e+02
7.07328734e-14,1.87200000e+02
7.21808040e-14,1.85880000e+02
7.38643778e-14,1.82400000e+02
7.53619975e-14,1.79540000e+02
7.68439755e-14,1.77240000e+02
7.91223026e-14,1.73740000e+02
8.10395841e-14,1.69460000e+02
8.20311364e-14,1.69540000e+02
8.41373657e-14,1.65800000e+02
8.47701330e-14,1.65900000e+02
8.59768175e-14,1.64660000e+02
8.69654258e-14,1.63800000e+02
8.79465037e-14,1.63880000e+02
8.96654658e-14,1.61140000e+02
9.08547981e-14,1.59740000e+02
9.17870192e-14,1.59720000e+02
9.30631750e-14,1.59000000e+02
9.52162930e-14,1.56820000e+02
9.76905912e-14,1.54360000e+02
9.90619412e-14,1.52540000e+02
1.01049551e-13,1.50080000e+02
1.02448698e-13,1.47700000e+02
1.03056095e-13,1.49040000e+02
1.05256586e-13,1.46140000e+02
1.06670856e-13,1.45240000e+02
1.09639841e-13,1.40840000e+02
1.11768136e-13,1.38220000e+02
1.14062161e-13,1.33400000e+02
1.16220875e-13,1.29520000e+02
1.16948110e-13,1.29740000e+02
1.19025532e-13,1.26820000e+02
1.21695642e-13,1.22560000e+02
1.22879508e-13,1.21520000e+02
1.24834331e-13,1.19760000e+02
1.26089575e-13,1.18880000e+02
1.28563072e-13,1.14580000e+02
1.29212976e-13,1.15460000e+02
1.31160373e-13,1.13200000e+02
1.33362026e-13,1.10900000e+02
1.34151337e-13,1.09900000e+02
1.36345598e-13,1.07080000e+02
1.38128937e-13,1.05220000e+02
1.39699383e-13,1.04460000e+02
1.41839325e-13,1.01920000e+02
1.43390832e-13,1.01160000e+02
1.44659302e-13,9.99800000e+01
1.46614970e-13,9.85800000e+01
1.47600147e-13,9.83400000e+01
1.49369177e-13,9.72000000e+01
1.50419766e-13,9.74800000e+01
1.53091058e-13,9.44000000e+01
1.55313072e-13,9.25800000e+01
1.56917608e-13,9.20600000e+01
1.58206208e-13,9.07600000e+01
1.60144704e-13,8.95000000e+01
1.63547852e-13,8.65200000e+01
1.65073613e-13,8.62000000e+01
1.67855301e-13,8.38800000e+01
1.69978156e-13,8.23400000e+01
1.71831759e-13,8.05200000e+01
1.73613670e-13,7.90600000e+01
1.75378762e-13,7.74200000e+01
1.78003344e-13,7.56400000e+01
1.79708837e-13,7.46400000e+01
1.81583718e-13,7.36400000e+01
1.83554036e-13,7.24400000e+01
1.85658237e-13,7.05800000e+01
1.89233301e-13,6.78000000e+01
1.92747021e-13,6.45400000e+01
1.94025673e-13,6.36600000e+01
1.96730797e-13,6.12800000e+01
1.97779255e-13,6.04600000e+01
2.00993295e-13,5.80600000e+01
2.03160722e-13,5.64800000e+01
2.05929353e-13,5.43000000e+01
2.08513756e-13,5.21400000e+01
2.11122773e-13,5.04000000e+01
2.12038626e-13,4.99600000e+01
2.13432549e-13,4.94200000e+01
2.16141527e-13,4.79000000e+01
2.18426541e-13,4.69200000e+01
2.20871136e-13,4.55800000e+01
2.22854181e-13,4.42800000e+01
2.26406943e-13,4.23200000e+01
2.29437507e-13,4.09000000e+01
2.30583821e-13,4.02400000e+01
2.34247856e-13,3.82200000e+01
2.36900275e-13,3.68400000e+01
2.40458291e-13,3.50200000e+01
2.41730218e-13,3.47000000e+01
2.43704752e-13,3.37000000e+01
2.45684620e-13,3.29400000e+01
2.49947893e-13,3.12400000e+01
2.52437986e-13,3.02000000e+01
2.55453078e-13,2.90000000e+01
2.56427010e-13,2.86800000e+01
2.60339701e-13,2.73000000e+01
2.63347842e-13,2.63000000e+01
2.66030901e-13,2.53600000e+01
2.69465748e-13,2.38800000e+01
2.70433034e-13,2.35000000e+01
2.74002845e-13,2.25800000e+01
2.77803877e-13,2.09800000e+01
2.79875994e-13,2.03800000e+01
2.84002471e-13,1.93000000e+01
2.87312053e-13,1.86800000e+01
2.92179117e-13,1.72800000e+01
2.95610674e-13,1.64800000e+01
2.98975668e-13,1.53200000e+01
3.00897774e-13,1.49600000e+01
3.03932055e-13,1.43800000e+01
3.06079654e-13,1.39400000e+01
3.10091646e-13,1.29600000e+01
3.12701386e-13,1.23000000e+01
3.16446535e-13,1.14800000e+01
3.21020683e-13,1.06200000e+01
3.23790062e-13,1.00400000e+01
3.27108721e-13,9.52000000e+00
3.30217835e-13,9.10000000e+00
3.33815531e-13,8.52000000e+00
3.35652900e-13,8.24000000e+00
3.39545148e-13,7.88000000e+00
3.42709351e-13,7.46000000e+00
3.47059714e-13,7.04000000e+00
3.50175109e-13,6.80000000e+00
3.52300023e-13,6.54000000e+00
3.56143964e-13,6.28000000e+00
3.59193603e-13,5.92000000e+00
3.62541134e-13,5.52000000e+00
3.65756191e-13,5.16000000e+00
3.69573632e-13,4.78000000e+00
3.71768851e-13,4.58000000e+00
3.74476529e-13,4.34000000e+00
3.78468364e-13,4.02000000e+00
3.80671129e-13,3.78000000e+00
3.84204675e-13,3.60000000e+00
3.84818179e-13,3.56000000e+00
3.87772665e-13,3.42000000e+00
3.90968344e-13,3.24000000e+00
3.93250284e-13,3.10000000e+00
3.96629938e-13,3.02000000e+00
4.01818900e-13,2.74000000e+00
4.06401382e-13,2.52000000e+00
4.11085968e-13,2.36000000e+00
4.13326055e-13,2.20000000e+00
4.16425068e-13,2.06000000e+00
4.20957049e-13,1.88000000e+00
4.23510951e-13,1.76000000e+00
4.25455610e-13,1.68000000e+00
4.28997579e-13,1.60000000e+00
4.33775619e-13,1.52000000e+00
4.36993985e-13,1.34000000e+00
4.40942997e-13,1.12000000e+00
4.43999510e-13,1.06000000e+00
4.47512464e-13,1.00000000e+00
4.53389706e-13,8.80000000e-01
4.58231288e-13,7.80000000e-01
4.61210550e-13,6.20000000e-01
4.67323432e-13,5.40000000e-01
4.70037595e-13,5.20000000e-01
4.71657864e-13,5.20000000e-01
4.75836397e-13,4.80000000e-01
4.81713489e-13,4.40000000e-01
4.85357360e-13,4.20000000e-01
4.87352153e-13,4.20000000e-01
4.89054212e-13,4.00000000e-01
4.93600835e-13,3.40000000e-01
4.98817910e-13,2.60000000e-01
5.02136503e-13,2.60000000e-01
5.05245755e-13,2.60000000e-01
5.07282730e-13,2.60000000e-01
5.09586488e-13,2.00000000e-01
5.15538931e-13,1.80000000e-01
5.19530017e-13,1.60000000e-01
5.23419572e-13,1.40000000e-01
5.27719739e-13,1.20000000e-01
5.32334809e-13,1.20000000e-01
5.36667721e-13,1.20000000e-01
5.40682306e-13,1.20000000e-01
5.42554112e-13,1.00000000e-01
5.46546106e-13,1.00000000e-01
5.49762757e-13,8.00000000e-02
5.53003787e-13,6.00000000e-02
5.57385459e-13,4.00000000e-02
5.63252067e-13,2.00000000e-02
5.68047603e-13,2.00000000e-02
5.70290534e-13,2.00000000e-02
5.76790174e-13,0.00000000e+00
5.81364347e-13,0.00000000e+00
5.86425938e-13,0.00000000e+00
5.89405755e-13,0.00000000e+00
5.94985952e-13,0.00000000e+00
6.00462482e-13,0.00000000e+00
6.03559162e-13,0.00000000e+00
6.07181058e-13,0.00000000e+00
6.08670332e-13,0.00000000e+00
6.11242347e-13,0.00000000e+00
6.16238548e-13,0.00000000e+00
6.18169527e-13,0.00000000e+00
6.23615314e-13,0.00000000e+00
6.27376359e-13,0.00000000e+00
6.32394256e-13,0.00000000e+00
6.36727908e-13,0.00000000e+00
6.39878351e-13,0.00000000e+00
6.45825423e-13,0.00000000e+00
6.51709247e-13,0.00000000e+00
6.53405132e-13,0.00000000e+00
6.57388099e-13,0.00000000e+00
6.61516412e-13,0.00000000e+00
6.67394274e-13,0.00000000e+00
6.71497497e-13,0.00000000e+00
6.76748094e-13,0.00000000e+00
6.81898921e-13,0.00000000e+00
6.85316764e-13,0.00000000e+00
6.92651475e-13,0.00000000e+00
6.96648294e-13,0.00000000e+00
7.01056063e-13,0.00000000e+00
7.10239939e-13,0.00000000e+00
7.13287981e-13,0.00000000e+00
7.17781565e-13,0.00000000e+00
7.22570400e-13,0.00000000e+00
7.27311121e-13,0.00000000e+00
7.33256304e-13,0.00000000e+00
7.39424453e-13,0.00000000e+00
7.44112464e-13,0.00000000e+00
7.47807191e-13,0.00000000e+00
7.52312106e-13,0.00000000e+00
7.56575040e-13,0.00000000e+00
7.59906167e-13,0.00000000e+00
7.63664012e-13,0.00000000e+00
7.67587773e-13,0.00000000e+00
7.73737503e-13,0.00000000e+00
7.77124385e-13,0.00000000e+00
7.80873439e-13,0.00000000e+00
7.82117536e-13,0.00000000e+00
7.86625032e-13,2.00000000e-02
7.90980637e-13,2.00000000e-02
7.94902064e-13,2.00000000e-02
7.98880153e-13,2.00000000e-02
8.01077938e-13,2.00000000e-02
8.06758486e-13,2.00000000e-02
8.11675119e-13,2.00000000e-02
8.16237667e-13,2.00000000e-02
8.19908404e-13,2.00000000e-02
8.27267991e-13,2.00000000e-02
8.28677865e-13,2.00000000e-02
8.31044022e-13,2.00000000e-02
8.33551869e-13,2.00000000e-02
8.38778029e-13,2.00000000e-02
8.45809079e-13,2.00000000e-02
8.49526281e-13,2.00000000e-02
8.54127155e-13,2.00000000e-02
8.60148356e-13,2.00000000e-02
8.60224758e-13,2.00000000e-02
8.62650086e-13,2.00000000e-02
8.69467289e-13,2.00000000e-02
8.74445465e-13,2.00000000e-02
8.79314835e-13,2.00000000e-02
8.83794832e-13,4.00000000e-02
8.88855478e-13,4.00000000e-02
8.93445695e-13,4.00000000e-02
8.97285317e-13,4.00000000e-02
9.05271497e-13,4.00000000e-02
9.12400051e-13,4.00000000e-02
9.16702460e-13,4.00000000e-02
9.22856355e-13,4.00000000e-02
9.26242752e-13,4.00000000e-02
9.31116182e-13,4.00000000e-02
9.35394646e-13,4.00000000e-02
9.42326737e-13,4.00000000e-02
9.46435032e-13,4.00000000e-02
9.50881658e-13,4.00000000e-02
9.56063420e-13,4.00000000e-02
9.61358511e-13,4.00000000e-02
9.67658585e-13,4.00000000e-02
9.72423110e-13,4.00000000e-02
9.77585582e-13,4.00000000e-02
9.83656713e-13,4.00000000e-02
9.89397803e-13,4.00000000e-02
9.91904384e-13,4.00000000e-02
9.96545548e-13,4.00000000e-02
1.00136311e-12,6.00000000e-02
1.00674950e-12,6.00000000e-02
1.01241826e-12,6.00000000e-02
1.01416185e-12,6.00000000e-02
1.01887157e-12,4.00000000e-02
1.02376148e-12,4.00000000e-02
1.02923897e-12,4.00000000e-02
1.03412062e-12,4.00000000e-02
1.03916414e-12,4.00000000e-02
1.04524436e-12,4.00000000e-02
1.04580858e-12,4.00000000e-02
1.05279821e-12,4.00000000e-02
1.05846096e-12,4.00000000e-02
1.06637886e-12,4.00000000e-02
1.07283362e-12,4.00000000e-02
1.07768512e-12,4.00000000e-02
1.08555016e-12,4.00000000e-02
1.09081326e-12,4.00000000e-02
1.09620582e-12,4.00000000e-02
1.10175496e-12,4.00000000e-02
1.10597128e-12,4.00000000e-02
1.10896587e-12,4.00000000e-02
1.11462662e-12,4.00000000e-02
1.12167404e-12,4.00000000e-02
1.12882554e-12,4.00000000e-02
1.13551113e-12,4.00000000e-02
1.14039952e-12,4.00000000e-02
1.14609389e-12,2.00000000e-02
1.15137043e-12,2.00000000e-02
1.15488986e-12,2.00000000e-02
1.16017273e-12,2.00000000e-02
1.16439822e-12,2.00000000e-02
1.16875339e-12,2.00000000e-02
1.17310599e-12,2.00000000e-02
1.17699044e-12,2.00000000e-02
1.18102455e-12,2.00000000e-02
1.18778299e-12,2.00000000e-02
1.19257376e-12,2.00000000e-02
1.19664174e-12,2.00000000e-02
1.20162382e-12,2.00000000e-02
1.20564729e-12,2.00000000e-02
1.20992214e-12,2.00000000e-02
1.21249164e-12,2.00000000e-02
1.21672650e-12,2.00000000e-02
1.22306467e-12,2.00000000e-02
1.22712623e-12,2.00000000e-02
1.23244994e-12,2.00000000e-02
1.23406768e-12,2.00000000e-02
1.23844362e-12,2.00000000e-02
1.24414981e-12,2.00000000e-02
1.24678992e-12,0.00000000e+00
1.25373939e-12,0.00000000e+00
1.25878804e-12,0.00000000e+00
1.26378162e-12,0.00000000e+00
1.26705047e-12,0.00000000e+00
1.27345969e-12,0.00000000e+00
1.27547175e-12,0.00000000e+00
1.28352925e-12,0.00000000e+00
1.28895436e-12,0.00000000e+00
1.29179038e-12,0.00000000e+00
1.29589215e-12,0.00000000e+00
1.29998177e-12,0.00000000e+00
1.30320300e-12,0.00000000e+00
1.30812961e-12,0.00000000e+00
1.31544887e-12,0.00000000e+00
1.31825722e-12,0.00000000e+00
1.31900362e-12,0.00000000e+00
1.32246849e-12,0.00000000e+00
1.32600927e-12,0.00000000e+00
1.32807096e-12,0.00000000e+00
1.33273573e-12,0.00000000e+00
1.33499025e-12,0.00000000e+00
1.34054755e-12,0.00000000e+00
1.34711078e-12,0.00000000e+00
1.35192706e-12,0.00000000e+00
1.35683622e-12,0.00000000e+00
1.36366624e-12,0.00000000e+00
1.36877596e-12,0.00000000e+00
1.37311485e-12,0.00000000e+00
1.37560189e-12,0.00000000e+00
1.37927144e-12,0.00000000e+00
1.38456734e-12,0.00000000e+00
1.38704613e-12,0.00000000e+00
1.39118100e-12,0.00000000e+00
1.39586822e-12,0.00000000e+00
1.40064647e-12,0.00000000e+00
1.40672348e-12,0.00000000e+00
1.41315173e-12,0.00000000e+00
1.41976616e-12,0.00000000e+00
1.42635734e-12,0.00000000e+00
1.43139628e-12,0.00000000e+00
1.43553058e-12,0.00000000e+00
1.44061772e-12,0.00000000e+00
1.44448763e-12,0.00000000e+00
1.45060266e-12,0.00000000e+00
1.45558955e-12,0.00000000e+00
1.45950999e-12,0.00000000e+00
1.46263459e-12,0.00000000e+00
1.46716993e-12,0.00000000e+00
1.46848823e-12,0.00000000e+00
1.47078586e-12,0.00000000e+00
1.47520737e-12,0.00000000e+00
1.47986656e-12,0.00000000e+00
1.48525670e-12,0.00000000e+00
1.48999465e-12,0.00000000e+00
1.49368763e-12,0.00000000e+00
1.49787629e-12,0.00000000e+00
1.50120870e-12,0.00000000e+00
1.50663014e-12,0.00000000e+00
1.51249615e-12,0.00000000e+00
1.51678607e-12,0.00000000e+00
1.51939239e-12,0.00000000e+00
1.52511685e-12,0.00000000e+00
1.52878233e-12,0.00000000e+00
1.53176221e-12,0.00000000e+00
1.53641294e-12,0.00000000e+00
1.54376202e-12,0.00000000e+00
1.54560248e-12,0.00000000e+00
1.55135494e-12,0.00000000e+00
1.55759096e-12,0.00000000e+00
1.56385065e-12,0.00000000e+00
1.56851848e-12,0.00000000e+00
1.57212042e-12,0.00000000e+00
1.57652639e-12,0.00000000e+00
1.58161054e-12,0.00000000e+00
1.58916086e-12,0.00000000e+00
1.59178578e-12,0.00000000e+00
1.59897379e-12,2.00000000e-02
1.60341104e-12,2.00000000e-02
1.60840438e-12,2.00000000e-02
1.61505674e-12,2.00000000e-02
1.61969366e-12,2.00000000e-02
1.62353535e-12,2.00000000e-02
1.62638101e-12,2.00000000e-02
1.63236826e-12,2.00000000e-02
1.63824223e-12,2.00000000e-02
1.64181282e-12,2.00000000e-02
1.64321477e-12,2.00000000e-02
1.64909189e-12,2.00000000e-02
1.65128540e-12,2.00000000e-02
1.65485572e-12,2.00000000e-02
1.65828698e-12,2.00000000e-02
1.66119197e-12,2.00000000e-02
1.66577163e-12,2.00000000e-02
1.66929028e-12,2.00000000e-02
1.67457845e-12,2.00000000e-02
1.67909640e-12,2.00000000e-02
1.68199634e-12,2.00000000e-02
1.69096680e-12,2.00000000e-02
1.69920329e-12,2.00000000e-02
1.70423318e-12,2.00000000e-02
1.70575680e-12,2.00000000e-02
1.71049439e-12,2.00000000e-02
1.71369502e-12,2.00000000e-02
1.71894289e-12,2.00000000e-02
1.72053378e-12,2.00000000e-02
1.72540811e-12,2.00000000e-02
1.73080252e-12,2.00000000e-02
1.73452213e-12,2.00000000e-02
1.73932609e-12,2.00000000e-02
1.74498262e-12,2.00000000e-02
1.74794989e-12,2.00000000e-02
1.75362833e-12,2.00000000e-02
1.75790167e-12,2.00000000e-02
1.76097686e-12,2.00000000e-02
1.76436194e-12,2.00000000e-02
1.76480029e-12,2.00000000e-02
1.77058897e-12,2.00000000e-02
1.77431615e-12,2.00000000e-02
1.77869682e-12,2.00000000e-02
1.78357281e-12,2.00000000e-02
1.78873513e-12,2.00000000e-02
1.79523122e-12,2.00000000e-02
1.79989374e-12,2.00000000e-02
1.80354223e-12,2.00000000e-02
1.81212963e-12,2.00000000e-02
1.81625396e-12,2.00000000e-02
