0.00000000e+00,4.27000000e+01
1.78686585e-15,1.78000000e+01
2.98381540e-15,1.03000000e+01
4.61574304e-15,5.90000000e+00
6.23679177e-15,3.82000000e+00
7.52527907e-15,2.60000000e+00
8.47227821e-15,2.12000000e+00
1.01139920e-14,1.24000000e+00
1.11463662e-14,1.00000000e+00
1.29646150e-14,6.20000000e-01
1.48687862e-14,4.40000000e-01
1.54516582e-14,4.20000000e-01
1.60020300e-14,3.60000000e-01
1.73698465e-14,2.60000000e-01
1.85321171e-14,2.20000000e-01
1.93141611e-14,2.20000000e-01
2.03232124e-14,1.60000000e-01
2.16867799e-14,1.20000000e-01
2.36906375e-14,8.00000000e-02
2.54036800e-14,6.00000000e-02
2.65505599e-14,6.00000000e-02
2.75747606e-14,6.00000000e-02
2.89835182e-14,2.00000000e-02
3.06588770e-14,2.00000000e-02
3.27503320e-14,2.00000000e-02
3.41946418e-14,2.00000000e-02
3.58937510e-14,2.00000000e-02
3.85363172e-14,2.00000000e-02
3.95557465e-14,2.00000000e-02
4.16795728e-14,2.00000000e-02
4.33883260e-14,2.00000000e-02
4.61689765e-14,2.00000000e-02
4.82111898e-14,2.00000000e-02
5.11570921e-14,2.00000000e-02
5.32742478e-14,2.00000000e-02
5.49717983e-14,2.00000000e-02
5.63932286e-14,0.00000000e+00
5.79551966e-14,0.00000000e+00
5.93003855e-14,0.00000000e+00
6.06467642e-14,0.00000000e+00
6.95082428e-14,0.00000000e+00
7.65105299e-14,0.00000000e+00
8.78612513e-14,0.00000000e+00
9.24258051e-14,0.00000000e+00
1.00351543e-13,0.00000000e+00
1.06880002e-13,0.00000000e+00
1.15974721e-13,0.00000000e+00
1.21576241e-13,0.00000000e+00
1.26803494e-13,0.00000000e+00
1.32999121e-13,0.00000000e+00
1.38392269e-13,0.00000000e+00
1.41974058e-13,0.00000000e+00
