0.00000000e+00,4.21440000e+02
1.32917697e-15,4.05940000e+02
2.61015457e-15,3.96560000e+02
4.43017384e-15,3.76080000e+02
5.37459813e-15,3.72220000e+02
7.32237238e-15,3.57680000e+02
8.21095025e-15,3.51280000e+02
8.65560468e-15,3.52600000e+02
1.07170770e-14,3.36660000e+02
1.21597264e-14,3.27500000e+02
1.31346636e-14,3.19920000e+02
1.49037646e-14,3.10060000e+02
1.57631341e-14,3.08360000e+02
1.72032161e-14,3.00180000e+02
1.80815892e-14,2.97240000e+02
1.97815905e-14,2.91200000e+02
2.04013891e-14,2.91100000e+02
2.17958258e-14,2.82760000e+02
2.32539970e-14,2.75920000e+02
2.52899004e-14,2.67060000e+02
2.67447857e-14,2.58920000e+02
2.81322371e-14,2.52320000e+02
2.92548670e-14,2.49640000e+02
3.02773335e-14,2.46880000e+02
3.15682882e-14,2.42540000e+02
3.27088355e-14,2.38960000e+02
3.48654910e-14,2.27240000e+02
3.58286378e-14,2.25400000e+02
3.72198899e-14,2.21560000e+02
3.84325478e-14,2.17940000e+02
3.97949806e-14,2.12980000e+02
4.12470698e-14,2.08880000e+02
4.29784320e-14,2.02880000e+02
4.37168124e-14,2.02120000e+02
4.49186240e-14,1.99020000e+02
4.67249652e-14,1.92740000e+02
4.83078006e-14,1.88960000e+02
4.91013677e-14,1.88020000e+02
5.03249123e-14,1.85920000e+02
5.16893156e-14,1.82400000e+02
5.20328498e-14,1.82660000e+02
5.30739957e-14,1.81400000e+02
5.47413998e-14,1.78140000e+02
5.54218164e-14,1.76080000e+02
5.66815778e-14,1.74440000e+02
5.86967830e-14,1.69860000e+02
6.04148492e-14,1.65600000e+02
6.19508006e-14,1.62440000e+02
6.34693953e-14,1.59940000e+02
6.49562657e-14,1.56460000e+02
6.64414552e-14,1.54620000e+02
6.75017747e-14,1.53320000e+02
6.96162775e-14,1.47720000e+02
7.08841462e-14,1.45720000e+02
7.30762379e-14,1.39500000e+02
7.57078342e-14,1.33340000e+02
7.66622168e-14,1.31940000e+02
7.85780678e-14,1.27580000e+02
7.98812403e-14,1.25040000e+02
8.13201099e-14,1.23320000e+02
8.18867761e-14,1.23540000e+02
8.42747366e-14,1.19040000e+02
8.66126676e-14,1.14860000e+02
8.78303557e-14,1.13920000e+02
8.94317672e-14,1.11960000e+02
9.21310435e-14,1.07180000e+02
9.37051557e-14,1.04940000e+02
9.38886765e-14,1.05260000e+02
9.54010836e-14,1.03280000e+02
9.80274147e-14,9.93600000e+01
9.89632763e-14,9.84800000e+01
1.00468114e-13,9.59800000e+01
1.02636286e-13,9.20000000e+01
1.04325578e-13,8.94400000e+01
1.06115300e-13,8.73000000e+01
1.07918452e-13,8.44800000e+01
1.08135725e-13,8.50200000e+01
1.10532359e-13,8.26600000e+01
1.12580684e-13,7.99200000e+01
1.14027756e-13,7.81000000e+01
1.15280133e-13,7.71000000e+01
1.16988499e-13,7.52600000e+01
1.18774704e-13,7.33200000e+01
1.20755048e-13,7.18400000e+01
1.22121802e-13,7.04200000e+01
1.23221628e-13,6.99200000e+01
1.25228269e-13,6.77800000e+01
1.26877962e-13,6.67800000e+01
1.29154558e-13,6.42200000e+01
1.30800461e-13,6.27600000e+01
1.31901329e-13,6.19800000e+01
1.33898384e-13,6.00000000e+01
1.36426091e-13,5.79400000e+01
1.36701787e-13,5.80200000e+01
1.39147218e-13,5.59600000e+01
1.40839179e-13,5.44600000e+01
1.42808633e-13,5.26600000e+01
1.44627444e-13,5.11600000e+01
1.47551144e-13,4.85000000e+01
1.49141054e-13,4.72400000e+01
1.52352701e-13,4.48000000e+01
1.54201309e-13,4.34200000e+01
1.55630532e-13,4.25800000e+01
1.58133317e-13,4.10000000e+01
1.59871105e-13,4.01800000e+01
1.62090956e-13,3.90000000e+01
1.63850253e-13,3.80800000e+01
1.65881636e-13,3.69400000e+01
1.67156916e-13,3.63000000e+01
1.70406658e-13,3.42600000e+01
1.72803234e-13,3.28400000e+01
1.74890078e-13,3.18800000e+01
1.77424123e-13,3.02600000e+01
1.80922531e-13,2.84400000e+01
1.83783771e-13,2.68800000e+01
1.86106922e-13,2.55200000e+01
1.88209447e-13,2.42400000e+01
1.89709863e-13,2.35800000e+01
1.91652961e-13,2.28200000e+01
1.94717290e-13,2.15600000e+01
1.96906233e-13,2.07000000e+01
1.97810820e-13,2.05000000e+01
1.99218455e-13,2.01200000e+01
2.01287592e-13,1.94600000e+01
2.03963869e-13,1.86400000e+01
2.05603840e-13,1.81000000e+01
2.08601149e-13,1.72800000e+01
2.12275749e-13,1.60400000e+01
2.14324200e-13,1.53800000e+01
2.16696447e-13,1.46200000e+01
2.18692407e-13,1.41000000e+01
2.23076860e-13,1.31800000e+01
2.24568182e-13,1.27400000e+01
2.28022396e-13,1.17200000e+01
2.30472336e-13,1.11600000e+01
2.34316991e-13,1.03400000e+01
2.37468936e-13,9.64000000e+00
2.41176936e-13,8.90000000e+00
2.43931639e-13,8.42000000e+00
2.48670322e-13,7.66000000e+00
2.52111691e-13,7.18000000e+00
2.55897263e-13,6.68000000e+00
2.59848983e-13,6.26000000e+00
2.61789779e-13,5.94000000e+00
2.63640839e-13,5.66000000e+00
2.66909179e-13,5.16000000e+00
2.68653450e-13,4.98000000e+00
2.69884481e-13,4.80000000e+00
2.71739526e-13,4.60000000e+00
2.74059700e-13,4.44000000e+00
2.79139341e-13,3.82000000e+00
2.81846209e-13,3.64000000e+00
2.85291901e-13,3.38000000e+00
2.88180111e-13,3.18000000e+00
2.90134931e-13,3.00000000e+00
2.93553579e-13,2.84000000e+00
2.95453410e-13,2.66000000e+00
2.98486340e-13,2.56000000e+00
3.02506832e-13,2.30000000e+00
3.05933924e-13,2.10000000e+00
3.09052330e-13,1.94000000e+00
3.11609901e-13,1.80000000e+00
3.13630392e-13,1.78000000e+00
3.17858907e-13,1.62000000e+00
3.21876097e-13,1.48000000e+00
3.22964947e-13,1.44000000e+00
3.26747264e-13,1.28000000e+00
3.29870546e-13,1.24000000e+00
3.33693713e-13,1.12000000e+00
3.36801491e-13,9.80000000e-01
3.40342818e-13,9.20000000e-01
3.42570556e-13,8.60000000e-01
3.46816412e-13,8.00000000e-01
3.50428976e-13,6.80000000e-01
3.53902738e-13,5.80000000e-01
3.59547332e-13,5.80000000e-01
3.64359374e-13,5.20000000e-01
3.68104618e-13,4.80000000e-01
3.70506633e-13,4.80000000e-01
3.73807087e-13,4.80000000e-01
3.77534690e-13,4.00000000e-01
3.81397071e-13,4.00000000e-01
3.86481840e-13,3.80000000e-01
3.90458821e-13,3.40000000e-01
3.94727420e-13,3.40000000e-01
3.98234023e-13,2.80000000e-01
4.03789421e-13,2.80000000e-01
4.08699863e-13,1.80000000e-01
4.12674826e-13,2.00000000e-01
4.18147895e-13,2.00000000e-01
4.22887001e-13,1.80000000e-01
4.29586935e-13,1.40000000e-01
4.33984035e-13,1.20000000e-01
4.39868825e-13,1.00000000e-01
4.42723790e-13,8.00000000e-02
4.48942786e-13,6.00000000e-02
4.53576754e-13,4.00000000e-02
4.60773266e-13,4.00000000e-02
4.64058117e-13,4.00000000e-02
4.69526382e-13,4.00000000e-02
4.71293090e-13,4.00000000e-02
4.76826195e-13,4.00000000e-02
4.82258847e-13,2.00000000e-02
4.87121359e-13,2.00000000e-02
4.94407936e-13,2.00000000e-02
4.97242550e-13,2.00000000e-02
5.00695999e-13,2.00000000e-02
5.05681191e-13,2.00000000e-02
5.13537832e-13,2.00000000e-02
5.19130400e-13,2.00000000e-02
5.26791233e-13,2.00000000e-02
5.31344913e-13,2.00000000e-02
5.34080922e-13,2.00000000e-02
5.41155489e-13,2.00000000e-02
5.46967681e-13,2.00000000e-02
5.52766264e-13,2.00000000e-02
5.55786360e-13,2.00000000e-02
5.60158816e-13,2.00000000e-02
5.65685900e-13,2.00000000e-02
5.70265128e-13,2.00000000e-02
5.73169307e-13,2.00000000e-02
5.80136563e-13,2.00000000e-02
5.83586399e-13,2.00000000e-02
5.90458780e-13,2.00000000e-02
5.95668552e-13,2.00000000e-02
6.01732297e-13,2.00000000e-02
6.07915138e-13,2.00000000e-02
6.13516243e-13,2.00000000e-02
6.17620018e-13,2.00000000e-02
6.21284227e-13,2.00000000e-02
6.24420277e-13,2.00000000e-02
6.30531191e-13,2.00000000e-02
6.37425323e-13,2.00000000e-02
6.43999680e-13,2.00000000e-02
6.50476251e-13,2.00000000e-02
6.57101861e-13,2.00000000e-02
6.62269635e-13,2.00000000e-02
6.68564581e-13,2.00000000e-02
6.74650204e-13,0.00000000e+00
6.88597499e-13,0.00000000e+00
6.96856882e-13,0.00000000e+00
7.04721116e-13,0.00000000e+00
7.14773590e-13,0.00000000e+00
7.25819336e-13,0.00000000e+00
7.29285268e-13,0.00000000e+00
7.34843984e-13,0.00000000e+00
7.38957744e-13,0.00000000e+00
7.49600596e-13,0.00000000e+00
7.57423170e-13,0.00000000e+00
